  6.84040267566983357E-002 -0.18793852485179535       6.84040267566983357E-002 -0.38793852485179536     
  6.64044815573096858E-002 -0.18865429978960171       6.85227816129482248E-002 -0.38864308148716165     
  6.05467932941324283E-002 -0.19061501992707083       6.87592997972805015E-002 -0.39044633563343289     
  5.12632556022670910E-002 -0.19331859358338152       6.87844301887277215E-002 -0.39254963644847013     
  3.92930116860363693E-002 -0.19610216529309668       6.81425827851556698E-002 -0.39401048307533859     
  2.56602077218868463E-002 -0.19834705377108486       6.63694834743756568E-002 -0.39416011479538893     
  1.15840365246839064E-002 -0.19966424341327316       6.31044750177195551E-002 -0.39291445536007885     
 -1.67417773247695344E-003 -0.19999299269954454       5.81490128846119114E-002 -0.39083634695740560     
 -1.29846790856716944E-002 -0.19957805016845445       5.14460979509476085E-002 -0.38891551336699171     
 -2.14911131634565739E-002 -0.19884197759777866       4.30042075484297071E-002 -0.38815746456667655     
 -2.66894703311421899E-002 -0.19821118074781524       3.28305597133912164E-002 -0.38914930167576889     
 -2.84471848047641272E-002 -0.19796655696527027       2.09380700258463247E-002 -0.39177341083095707     
 -2.69857857284414859E-002 -0.19817105582960051       7.44153382645591083E-003 -0.39518567373463054     
 -2.28464607774540480E-002 -0.19869081314933576      -7.31132689448532602E-003 -0.39808654935058518     
 -1.68400436668066922E-002 -0.19928977126109620      -2.26723378011654438E-002 -0.39920471403709362     
 -9.97088906911368020E-003 -0.19975129879720790      -3.77655611968945593E-002 -0.39781052277152618     
 -3.32919496689036178E-003 -0.19997228923246449      -5.16904107652332925E-002 -0.39403720828406974     
  2.03681954226927120E-003 -0.19998962814644222      -6.37510526808580946E-002 -0.38885983720110884     
  5.24469975083222042E-003 -0.19993122098492677      -7.35818752752037397E-002 -0.38374191455215295     
  5.67569921871325517E-003 -0.19991944987514021      -8.11067305153725382E-002 -0.38011048708134665     
  3.03885235517094158E-003 -0.19997691210828183      -8.63792270791615552E-002 -0.37887466802007463     
 -2.59566181646580553E-003 -0.19998315564000521      -8.94212236083896383E-002 -0.38015341350604931     
 -1.07919506962269318E-002 -0.19970862224793953      -9.01649339688154472E-002 -0.38328402780764237     
 -2.07802640039313168E-002 -0.19891752217420899      -8.85282648555736490E-002 -0.38709352590636892     
 -3.15364990249406771E-002 -0.19749797272187358      -8.45645987282886979E-002 -0.39033993040186549     
 -4.19080863449829699E-002 -0.19555999667340318      -7.85805287585427670E-002 -0.39216908081608504     
 -5.07620605651145432E-002 -0.19345080306678400      -7.11373027261325980E-002 -0.39241021980014668     
 -5.71164832018472568E-002 -0.19167083071415197      -6.29284605848424022E-002 -0.39158636517533274     
 -6.02251810838197246E-002 -0.19071687802452389      -5.46018911341217966E-002 -0.39063780892006977     
 -5.96141608502827949E-002 -0.19090875261788448      -4.66164969385461439E-002 -0.39048595756082766     
 -5.50947930138195249E-002 -0.19226170649082563      -3.91862108288600769E-002 -0.39162799504750312     
 -4.67827129074181100E-002 -0.19445147922559525      -3.23068523645131597E-002 -0.39392691496028009     
 -3.51285786598251118E-002 -0.19689078942738913      -2.58266619150370087E-002 -0.39667435818336327     
 -2.09345409348417402E-002 -0.19890134488194755      -1.95209835745906758E-002 -0.39889634945853514     
 -5.31492513698669095E-003 -0.19992936645422610      -1.31493609136422874E-002 -0.39977586158501754     
  1.04225907604294735E-002 -0.19972823937000150      -6.48918784382899842E-003 -0.39901193600482543     
  2.49567632150114772E-002 -0.19843679086759555       6.52404473462337570E-004 -0.39695454359052484     
  3.71383301413561670E-002 -0.19652161314804956       8.44120182980122313E-003 -0.39445209292989153     
  4.61231331603050576E-002 -0.19460898383033803       1.70169203186020176E-002 -0.39247972035803552     
  5.14271249899133989E-002 -0.19327506516690618       2.64700016231043597E-002 -0.39171181073902517     
  5.29196809114186664E-002 -0.19287173813763808       3.67805330920874946E-002 -0.39221949435191250     
  5.07928280207630631E-002 -0.19344272698050241       4.77342999009135738E-002 -0.39341933912737348     
  4.55334337060652530E-002 -0.19474780207985753       5.88648850638440677E-002 -0.39430298844366818     
  3.78970231742680672E-002 -0.19637671866728246       6.94809571612338417E-002 -0.39386711112703476     
  2.88606182610369535E-002 -0.19790670709602215       7.88022261838782212E-002 -0.39157094178606811     
  1.95343259764122965E-002 -0.19904373918475121       8.61573657593635300E-002 -0.38762096625652492     
  1.10341627737684921E-002 -0.19969538615571966       9.11423338312472991E-002 -0.38295116622779735     
  4.34267825180384426E-003 -0.19995284730556181       9.36491785398263915E-002 -0.37890633010571700     
  1.90731809816104258E-004 -0.19999990905342113       9.37547542558893332E-002 -0.37676465017480743     
 -1.01930296262722460E-003 -0.19999740253680892       9.15495098011370467E-002 -0.37728534601720232     
  7.52346365686940455E-004 -0.19999858493235906       8.70237091410503566E-002 -0.38043486721749609     
  5.18367884007286603E-003 -0.19993281239877306       8.00893342686546522E-002 -0.38537591090830126     
  1.16233676521621011E-002 -0.19966195762944597       7.07273279970199037E-002 -0.39072928050689004     
  1.91587570764887895E-002 -0.19908024017286119       5.91650509453480605E-002 -0.39503813475962812     
  2.67207566126399926E-002 -0.19820696548317385       4.59612345737420019E-002 -0.39727932420690115     
  3.32130400721090124E-002 -0.19722295497524744       3.19296920376587745E-002 -0.39721883747741915     
  3.76395340647568619E-002 -0.19642623418318647       1.79374308460792768E-002 -0.39545343616512807     
  3.92051836638723505E-002 -0.19611974294772580       4.69214176573677644E-003 -0.39311936208171688     
  3.73819489346381914E-002 -0.19647541803963187      -7.37058864154736121E-003 -0.39140414958142411     
  3.19511108159558216E-002 -0.19743132101474303      -1.80675145516722355E-002 -0.39107567832043083     
  2.30370536703855683E-002 -0.19866880519645699      -2.73669670870436352E-002 -0.39221320499010809     
  1.11319444000788931E-002 -0.19968995922147303      -3.52917943088747466E-002 -0.39422745299653639     
 -2.91158157895741575E-003 -0.19997880560876713      -4.18835424124762018E-002 -0.39614502662755180     
 -1.79495235597562086E-002 -0.19919290801626888      -4.72294224470630533E-002 -0.39703801794105092     
 -3.26863283130844826E-002 -0.19731093213861531      -5.15096884188226273E-002 -0.39642316459641713     
 -4.58562315769618853E-002 -0.19467204736571722      -5.50156493140819963E-002 -0.39446219994265713     
 -5.63899586148726151E-002 -0.19188583211746760      -5.81140367730782759E-002 -0.39187840086566983     
 -6.35176845953786401E-002 -0.18964573220518832      -6.11670994195110396E-002 -0.38963191860147672     
 -6.67967235230828571E-002 -0.18851577580293069      -6.44363612399257019E-002 -0.38850184704263541     
 -6.60926332210895195E-002 -0.18876377786509396      -6.79983285925387787E-002 -0.38875469847188360     
 -6.15566414824749303E-002 -0.19029130271612008      -7.16951757142501173E-002 -0.39003416272275743     
 -5.36230904702111599E-002 -0.19267735769525063      -7.51408195987224858E-002 -0.39151645680091451     
 -4.30149927764719858E-002 -0.19531950848914215      -7.77954252781535571E-002 -0.39227209546122532     
 -3.07213490416647084E-002 -0.19762641198245798      -7.90972300354260416E-002 -0.39168767586084630     
 -1.79152855115618063E-002 -0.19919599028353766      -7.86045791854313031E-002 -0.38976568785733040     
 -5.81387316187188113E-003 -0.19991547933778830      -7.60811696665072423E-002 -0.38716533125209468     
  4.48493539409670645E-003 -0.19994970706282814      -7.14810114238265126E-002 -0.38496099029727432     
  1.21408997130194960E-002 -0.19963115627115524      -6.48507839321514484E-002 -0.38421793978904939     
  1.66553594582703850E-002 -0.19930529095163482      -5.62245110411262045E-002 -0.38555384658627911     
  1.78994816124284188E-002 -0.19919741102234823      -4.55951010524443812E-002 -0.38885087914833227     
  1.61042954705727347E-002 -0.19935057478571888      -3.29981973131915907E-002 -0.39322926160410121     
  1.18274347511375683E-002 -0.19964997317106653      -1.86638109790789528E-002 -0.39731201791871040     
  5.89762712620027149E-003 -0.19991302607454151      -3.13083793953589269E-003 -0.39970913919628570     
 -6.70033792622686452E-004 -0.19999887763364260       1.27744518252326071E-002 -0.39954648049188612     
 -6.78813146570568255E-003 -0.19988476998311877       2.81136351568139174E-002 -0.39681589166434816     
 -1.14251316258835080E-002 -0.19967339924820041       4.20770627281836160E-002 -0.39238436208970462     
 -1.37237855870752361E-002 -0.19952858870136880       5.41540320810952464E-002 -0.38765780458398125     
 -1.30918198012337297E-002 -0.19957105064185043       6.41453903522863633E-002 -0.38405523253206286     
 -9.26170641634959345E-003 -0.19978543689232545       7.20389736862720592E-002 -0.38251529054205391     
 -2.32517564512334804E-003 -0.19998648343880476       7.78507092223450076E-002 -0.38321264828902057     
  7.25706109010458567E-003 -0.19986829429485431       8.15398737029753989E-002 -0.38556176146675325     
  1.86824423968655652E-002 -0.19912550400711559       8.30443176969293678E-002 -0.38848640020234126     
  3.08862830152755036E-002 -0.19760070222926918       8.23977639191551536E-002 -0.39085330204383634     
  4.26742909076785540E-002 -0.19539422943251633       7.98388087824551118E-002 -0.39191089185872235     
  5.28807758481616430E-002 -0.19288240859574646       7.58304619574529382E-002 -0.39156132521118658     
  6.05080082597977548E-002 -0.19062733522879727       7.09702974464050951E-002 -0.39035349902557126     
  6.48116879635095844E-002 -0.18920741291852355       6.58386571051800679E-002 -0.38920477623709848     
  6.53296319170076772E-002 -0.18902920195987788       6.08592753307986706E-002 -0.38897923549823998     
  6.18819706369313285E-002 -0.19018575580229444       5.62242948344364238E-002 -0.39010571654787352     
  5.45777748384175185E-002 -0.19240911229379706       5.18932509302078987E-002 -0.39239109481068846     
  4.38402273974547868E-002 -0.19513593841663165       4.76464716997250654E-002 -0.39509971639732355     
  3.04274711249483756E-002 -0.19767187205300718       4.31664325609961916E-002 -0.39726575688300614     
  1.54064006005316095E-002 -0.19940572414185090       3.81236372034630330E-002 -0.39811135355663729     
  4.99430919496057996E-005 -0.19999999376421884       3.22448814697655073E-002 -0.39739170063876977     
 -1.43313823101261870E-002 -0.19948586787309272       2.53442103589000753E-002 -0.39551098704500276     
 -2.65740309215518750E-002 -0.19822669063620169       1.73111176543810918E-002 -0.39335253140176585     
 -3.58041446370912994E-002 -0.19676906064421371       8.07676211396481103E-003 -0.39189585537703642     
 -4.15074892249625432E-002 -0.19564541481527142      -2.40028072648044988E-003 -0.39178471797365488     
 -4.35355034616903558E-002 -0.19520414938811406      -1.40935348553319836E-002 -0.39302520611510205     
 -4.20792719522795622E-002 -0.19552323358610380      -2.68166159304179738E-002 -0.39494001154412400     
 -3.76369895198434903E-002 -0.19642672175618875      -4.01329150151027575E-002 -0.39641114703956454     
 -3.09767047575086399E-002 -0.19758654752377791      -5.33445857667131512E-002 -0.39633180633303372     
 -2.30776469125498832E-002 -0.19866409391981149      -6.56072552339969917E-002 -0.39408986605855550     
 -1.50355123583385854E-002 -0.19943403262262499      -7.61375400565264676E-002 -0.38987179728911620     
 -7.93659497481184403E-003 -0.19984246410662021      -8.44071076619217764E-002 -0.38464576680808860     
 -2.72528817530425004E-003 -0.19998143114889830      -9.02128128152291237E-002 -0.37983118242028191     
 -9.34158745963814953E-005 -0.19999997818368476      -9.35892081099808093E-002 -0.37680081764514728     
 -4.07284650256625671E-004 -0.19999958529760423      -9.46316261575742973E-002 -0.37641322838541186     
 -3.67265304359124488E-003 -0.19996627620581778      -9.33514254336712673E-002 -0.37873349295041059     
 -9.53251641931310983E-003 -0.19977269866204322      -8.96580316028827984E-002 -0.38302089596986821     
 -1.72985554668356779E-002 -0.19925049555461793      -8.34778397390990995E-002 -0.38798391160278611     
 -2.60227417933726404E-002 -0.19829981570731592      -7.49304653109305746E-002 -0.39222772648946747     
 -3.46093480475683710E-002 -0.19698272266298453      -6.44423465295547865E-002 -0.39474518674950876     
 -4.19504706040798592E-002 -0.19555090901373032      -5.27151178138836329E-002 -0.39526100482876037     
 -4.70543650120175613E-002 -0.19438592215825667      -4.05598949943569986E-002 -0.39428044899476045     
 -4.91397896570330769E-002 -0.19386923704513448      -2.86918958113154404E-002 -0.39282120018517053     
 -4.76908526064349358E-002 -0.19423074570641821      -1.75925254978002293E-002 -0.39195300218064932     
 -4.24890276120160545E-002 -0.19543459911843997      -7.48752181124565097E-003 -0.39234801814233133     
 -3.36431244497411019E-002 -0.19715004483199905       1.58623543791628491E-003 -0.39402282660212062     
 -2.16193013364256968E-002 -0.19882808103918526       9.69159252414844227E-003 -0.39636194630195953     
 -7.24634799357001553E-003 -0.19986868299149840       1.69338665894767128E-002 -0.39840159518168872     
  8.33947744738963541E-003 -0.19982605714947310       2.34497094054176014E-002 -0.39925444251668851     
  2.38261984907329472E-002 -0.19857570915265593       2.94215281709572160E-002 -0.39849742454588077     
  3.79098659140929967E-002 -0.19637423982380045       3.50863419390799389E-002 -0.39635430811152389     
  4.94732737123708896E-002 -0.19378440388271920       4.07189532506049834E-002 -0.39359271670591661     
  5.77046203082797748E-002 -0.19149458685580978       4.65859257223562098E-002 -0.39118528426233634     
  6.21369944448029732E-002 -0.19010258788708409       5.28771436479739607E-002 -0.38988811079407670     
  6.26321629792443157E-002 -0.18994002253485542       5.96275450783247118E-002 -0.38991745193944971     
  5.93509719672728614E-002 -0.19099073832660052       6.66510260663513848E-002 -0.39085746694882650     
  5.27378400414633131E-002 -0.19292153904569864       7.35202055939024463E-002 -0.39183884166677485     
  4.35136340200217783E-002 -0.19520902554536665       7.96241227013372438E-002 -0.39192209732046907     
  3.26464287946978751E-002 -0.19731753770750515       8.43056898269744504E-002 -0.39053068619797182     
  2.12719727906019833E-002 -0.19886554043774374       8.70300002021102415E-002 -0.38774614248821193     
  1.05628712510500884E-002 -0.19972086959287391       8.75004307799715497E-002 -0.38433021912245130     
  1.57640537248123890E-003 -0.19999378726875897       8.56589405809361215E-002 -0.38146038825340006     
 -4.87756322345813537E-003 -0.19994051459621975       8.15770275061563355E-002 -0.38028907639191267     
 -8.32105253911640495E-003 -0.19982682523785755       7.53165292987556523E-002 -0.38149893345569397     
 -8.64199104538047706E-003 -0.19981320274389169       6.68616713308494842E-002 -0.38501362652250049     
 -6.09030269926582463E-003 -0.19990724902572021       5.61786670755574716E-002 -0.38996664869640774     
 -1.24632177506622224E-003 -0.19999611666738182       4.33735830100262926E-002 -0.39495525109552110     
  5.03887478150635837E-003 -0.19993651427624795       2.88450145426086095E-002 -0.39851462915720570     
  1.17355975990584317E-002 -0.19965539248663677       1.33167383730995754E-002 -0.39964914237360866     
  1.77553217895531600E-002 -0.19921031235392767      -2.29481652589663340E-003 -0.39820275430469959     
  2.20789935265873621E-002 -0.19877755920840992      -1.71138740740637285E-002 -0.39489976378820202     
  2.38696051771196266E-002 -0.19857049616871192      -3.05071808426810795E-002 -0.39103650652419475     
  2.25547490596709442E-002 -0.19872413868188052      -4.21496463105871660E-002 -0.38796826995090916     
  1.78811041941412188E-002 -0.19919906152589742      -5.19461046322086464E-002 -0.38661347107735461     
  9.94987872280210864E-003 -0.19975234645280524      -5.98906695021621666E-002 -0.38716178544571311     
 -7.66916049798642831E-004 -0.19999852959402620      -6.59672360725866852E-002 -0.38907237302279352     
 -1.34457449741697248E-002 -0.19954751800533524      -7.01480468322606132E-002 -0.39134128475491953     
 -2.69876804908106283E-002 -0.19817079780261754      -7.24727308237151924E-002 -0.39292990592394045     
 -4.01549313959626841E-002 -0.19592749037484641      -7.31371612545303751E-002 -0.39318917574115519     
 -5.17394595766487164E-002 -0.19319168802698614      -7.25201368958895698E-002 -0.39210916702306031     
 -6.07138226837558373E-002 -0.19056188426630719      -7.11211951897142841E-002 -0.39029091720223819     
 -6.63228951934518446E-002 -0.18868299757306806      -6.94383072883469343E-002 -0.38865873161967429     
 -6.81099584101808458E-002 -0.18804529657867927      -6.78413478038985968E-002 -0.38804511619945342     
 -6.59063764502836880E-002 -0.18882888958841415      -6.64869298522727387E-002 -0.38882804698100781     
 -5.98245689953603096E-002 -0.19084292217559284      -6.52932763826383211E-002 -0.39076814129392301     
 -5.02727342486994355E-002 -0.19357854269303620      -6.39736642679816087E-002 -0.39310870210911730     
 -3.79735837048077451E-002 -0.19636192843984285      -6.21175455202510607E-002 -0.39489925265837467     
 -2.39458752627369903E-002 -0.19856131309472508      -5.92989588616896907E-002 -0.39541191502432416     
 -9.41603171081805204E-003 -0.19977822290435179      -5.51777937462680917E-002 -0.39447249897689285     
  4.33624721843243587E-003 -0.19995298687456670      -4.95535975551309599E-002 -0.39255590645337590     
  1.61557567614125479E-002 -0.19934641086176114      -4.23508292809015724E-002 -0.39059750076629818     
  2.51580400610779652E-002 -0.19841137321304239      -3.35561723573918336E-002 -0.38959882379513161     
  3.08106684943077920E-002 -0.19761250645375122      -2.31650137177360320E-002 -0.39019138829115430     
  3.29520017365627291E-002 -0.19726673713921861      -1.11942916784132443E-002 -0.39233366098259820     
  3.17726580346823426E-002 -0.19746011800211996       2.22520384123581563E-003 -0.39526544642045702     
  2.77819169328184790E-002 -0.19806101355778724       1.67283972861317770E-002 -0.39775532920903534     
  2.17621197175040873E-002 -0.19881249997271555       3.16594981996764641E-002 -0.39856745460258358     
  1.46993018612140546E-002 -0.19945909486607249       4.61506585346483506E-002 -0.39697064430913775     
  7.68122518403057449E-003 -0.19985244251615294       5.93240200266296966E-002 -0.39306999280816246     
  1.77107324839182638E-003 -0.19999215809513340       7.05150115087704865E-002 -0.38780661694336283     
 -2.11954936919823197E-003 -0.19998876846081015       7.93901722438747209E-002 -0.38262547146039716     
 -3.33413016580806632E-003 -0.19997220700896776       8.58997830920148059E-002 -0.37896189588711332     
 -1.53997072224757695E-003 -0.19999407113755804       9.01138082942394836E-002 -0.37775679161628206     
  3.23626492348359079E-003 -0.19997381475919551       9.20590534971342245E-002 -0.37916787780259142     
  1.06030527236937108E-002 -0.19971874041496099       9.16637196789622244E-002 -0.38255519266879096     
  1.98335792776073612E-002 -0.19901414304777154       8.88390889360035213E-002 -0.38673265475289081     
  2.99401496348029178E-002 -0.19774627035634734       8.36378283198711131E-002 -0.39040285421434889     
  3.97935049034766342E-002 -0.19600121675004212       7.63785461184291470E-002 -0.39262658327048938     
  4.82662688990297961E-002 -0.19408855526940930       6.76482219529165457E-002 -0.39314718958557487     
  5.43645995105731805E-002 -0.19246945295307250       5.81740344465357107E-002 -0.39243317017564433     
  5.73181458163024501E-002 -0.19161062120921454       4.86368192068017749E-002 -0.39142211879706401     
  5.66239904851570525E-002 -0.19181690150124114       3.95227783399217103E-002 -0.39108443157868167     
  5.20662131295724709E-002 -0.19310388253565991       3.10697600495498140E-002 -0.39199870136726855     
  4.37380667546398982E-002 -0.19515886225474535       2.33010734555127164E-002 -0.39411194542987849     
  3.20732512345684243E-002 -0.19741151576147797       1.61008145187174594E-002 -0.39677269870679999     
  1.78618379679423914E-002 -0.19920079001953525       9.28529625126509918E-003 -0.39901681273088363     
  2.21076621474059019E-003 -0.19998778090859393       2.64879078404718898E-003 -0.39998730124421045     
 -1.35746334681042941E-002 -0.19953879153239007      -4.01580494142981907E-003 -0.39931023292779483     
 -2.81702593282933539E-002 -0.19800615265535743      -1.09110850107579545E-002 -0.39726006328668462     
 -4.04192349367563930E-002 -0.19587313610377330      -1.82325482066237506E-002 -0.39463870387631017     
 -4.94656017674807921E-002 -0.19378636237305505      -2.61565914963816371E-002 -0.39242344360458592     
 -5.48091643917941740E-002 -0.19234332714880775      -3.48050434827097549E-002 -0.39134040036008577     
 -5.62979058862132509E-002 -0.19191285989434653      -4.41798402326171666E-002 -0.39154540354596445     
 -5.40969743531399053E-002 -0.19254484507728511      -5.40838894845617965E-002 -0.39254484464925066     
 -4.86632219664035887E-002 -0.19398940906103235      -6.40716667100360709E-002 -0.39339497525862477     
 -4.07247771899488242E-002 -0.19580983765589774      -7.34811697092699057E-002 -0.39310915024750348     
 -3.12415332053500271E-002 -0.19754484706764441      -8.15666893326242592E-002 -0.39110976811679909     
 -2.13229292649949435E-002 -0.19886008319308335      -8.76880146046180725E-002 -0.38752824544592490     
 -1.21024480946248080E-002 -0.19963349105327222      -9.14609006004720587E-002 -0.38321517863642196     
 -4.59486215228419297E-003 -0.19994721113784386      -9.27840230847652575E-002 -0.37945395723398634     
  4.28018735967904086E-004 -0.19999954199937975      -9.17322267848812711E-002 -0.37750021564750091     
  2.51942751560376007E-003 -0.19998413058288805      -8.83928032810211428E-002 -0.37812723679691257     
  1.59454672732136597E-003 -0.19999364345082168      -8.27582802158893099E-002 -0.38133476009756773     
 -2.06901245347127036E-003 -0.19998929768231943      -7.47519338224361812E-002 -0.38631480034170546     
 -7.86135225971351138E-003 -0.19984543812819122      -6.43754994741104480E-002 -0.39169473097189567     
 -1.49035448869417695E-002 -0.19944393786175330      -5.18844224534129525E-002 -0.39599524081956550     
 -2.21465940766965540E-002 -0.19877003891633677      -3.78681900846495056E-002 -0.39815115993576211     
 -2.84967441641581012E-002 -0.19795942910617448      -2.31674729779931185E-002 -0.39788841366975475     
 -3.29438134619453662E-002 -0.19726810475742029      -8.66562407815211350E-003 -0.39578905962174860     
 -3.46674212481913324E-002 -0.19697251052875489       4.92697654664167595E-003 -0.39301404608503576     
 -3.31100825907201385E-002 -0.19724026574418241       1.71824164518835087E-002 -0.39081367440366155     
 -2.80245915110262991E-002 -0.19802682209902808       2.79262909489059394E-002 -0.39004114123162520     
 -1.95090926554852204E-002 -0.19904621399001715       3.71266078340015196E-002 -0.39085965833129671     
 -8.03037716767517583E-003 -0.19983871757631175       4.47916967699905841E-002 -0.39273721032553927     
  5.58463716727865093E-003 -0.19992201436487644       5.09386635604761190E-002 -0.39471167602566670     
  2.02167405770965272E-002 -0.19897558493553522       5.56325507463475907E-002 -0.39581491126555390     
  3.45904490001394810E-002 -0.19698604224149677       5.90472357319928379E-002 -0.39548507393372601     
  4.74510598477368289E-002 -0.19428946682547282       6.14903212048559106E-002 -0.39379610616498578     
  5.77289250658105241E-002 -0.19148726122315823       6.33639185300459568E-002 -0.39140786258444371     
  6.46427331853567794E-002 -0.18926520294635985       6.50739851993886731E-002 -0.38926473800007044     
  6.77294609608987963E-002 -0.18818267751827236       6.69240219364595629E-002 -0.38818105568164130     
  6.68284188769465437E-002 -0.18850454220099677       6.90276642684075070E-002 -0.38849245013472200     
  6.20618820220483480E-002 -0.19012712273602983       7.12631519559760590E-002 -0.38991535219813556     
  5.38365294802785055E-002 -0.19261782911641151       7.32842447978461625E-002 -0.39167004932238370     
  4.28541402334862431E-002 -0.19535486342768305       7.45940202653756074E-002 -0.39282025283950195     
  3.00942267050764399E-002 -0.19772288061583432       7.46686846921488789E-002 -0.39269241078698369     
  1.67354586422481903E-002 -0.19929858108886175       7.30891486392494655E-002 -0.39119506783033886     
  4.01485150642400934E-003 -0.19995969835789754       6.96211118334612855E-002 -0.38889306916861754     
 -6.93964960997112135E-003 -0.19987956689789688       6.42046165797700574E-002 -0.38679798061982862     
 -1.52533456526580107E-002 -0.19941749032218950       5.68685848282653311E-002 -0.38596085563895666     
 -2.03924660603155700E-002 -0.19895765209707036       4.76384762836458142E-002 -0.38703154949857743     
 -2.21933022915456121E-002 -0.19876482921632810       3.65149805237318589E-002 -0.38995410069587899     
 -2.08517246273444562E-002 -0.19891004393962966       2.35563079387031624E-002 -0.39391754800963424     
 -1.68908511818311007E-002 -0.19928547148839837       9.02117575491701365E-003 -0.39759978478935309     
 -1.11096213335445688E-002 -0.19969120239466048      -6.52782535310506614E-003 -0.39963871337090051     
 -4.50426274239173075E-003 -0.19994927260969844      -2.22545019390592742E-002 -0.39916003790229271     
  1.84068571796844197E-003 -0.19999152951084620      -3.72277446209585972E-002 -0.39613856046174389     
  6.87965423991285935E-003 -0.19988164087163995      -5.06603367283040146E-002 -0.39142575965208570     
  9.72808055635081964E-003 -0.19976327102019820      -6.20727798735052835E-002 -0.38643045196407044     
  9.75882084179937118E-003 -0.19976177165758635      -7.12972735002213170E-002 -0.38260025111422985     
  6.66639633014137496E-003 -0.19988886702357758      -7.83446242858967662E-002 -0.38092236219455289     
  5.03175399314061546E-004 -0.19999936703529220      -8.32397273356867140E-002 -0.38162295097062865     
 -8.31077379579731219E-003 -0.19982725299346707      -8.59366950053481043E-002 -0.38414821315906683     
 -1.90134273626651577E-002 -0.19909417264180451      -8.63604049732175638E-002 -0.38741407229854219     
 -3.05761150372647200E-002 -0.19764893419704532      -8.45345977033103435E-002 -0.39023263586563944     
 -4.18295979079092994E-002 -0.19557680010385339      -8.07011806614512522E-002 -0.39176293634756088     
 -5.16170643364672124E-002 -0.19322442565391418      -7.53439452332766157E-002 -0.39181202628121575     
 -5.89325495052323567E-002 -0.19112026216184755      -6.90945097145973797E-002 -0.39086193173708483     
 -6.30102984181584030E-002 -0.18981491588717317      -6.25714117749192195E-002 -0.38981443433287943     
 -6.33600410802918623E-002 -0.18969845859759571      -5.62336627301115236E-002 -0.38957145510190117     
 -5.97734462587200463E-002 -0.19085894037837450      -5.03055384873784886E-002 -0.39063471148796969     
 -5.23348576663786660E-002 -0.19303124791867221      -4.47808487010078887E-002 -0.39288853937572943     
 -4.14485163790633340E-002 -0.19565791701327734      -3.94807532853108031E-002 -0.39564823655001607     
 -2.78604987478698295E-002 -0.19804997503034416      -3.41324730893826853E-002 -0.39795160668416385     
 -1.26333318490468704E-002 -0.19960059851210832      -2.84447303243076377E-002 -0.39897461807899304     
  2.95650163471105178E-003 -0.19997814655127683      -2.21637104553613802E-002 -0.39839431258758995     
  1.75880772602176570E-002 -0.19922514785610931      -1.50983220402271211E-002 -0.39653606823501764     
  3.00828399997722443E-002 -0.19772461338323083      -7.11376826290908981E-003 -0.39423520427785064     
  3.95494273729490864E-002 -0.19605061283880709       1.88889503983005747E-003 -0.39247282213395296     
  4.54541210323407205E-002 -0.19476632892052292       1.19740222547393207E-002 -0.39194412428765357     
  4.76256961049939392E-002 -0.19424673245775531       2.31258195122583943E-002 -0.39274045036071747     
  4.62282137717492658E-002 -0.19458404932438181       3.51610693438384886E-002 -0.39427761034779529     
  4.17298027204348193E-002 -0.19559811748816397       4.76488831379101377E-002 -0.39551050951780142     
  3.48704619837588922E-002 -0.19693666718272460       5.99076604121252590E-002 -0.39536332540902897     
  2.66108560841477118E-002 -0.19822175041722537       7.11204472463131676E-002 -0.39320609926240035     
  1.80440559923420833E-002 -0.19918436696524461       8.05361238101334059E-002 -0.38917052819773168     
  1.02718341807207167E-002 -0.19973604938158707       8.76550597598399206E-002 -0.38415903167764243     
  4.26927421488840567E-003 -0.19995442805218916       9.22938736996592457E-002 -0.37954192729850555     
  7.68383881922047630E-004 -0.19999852396007828       9.44973968271845405E-002 -0.37667583470570520     
  1.79948654092544456E-004 -0.19999991904618836       9.43646285426988363E-002 -0.37643474008296884     
  2.55561886105535631E-003 -0.19998367136403167       9.19080774082369073E-002 -0.37891421138326431     
  7.58420232151719304E-003 -0.19985614795433815       8.70399255917612968E-002 -0.38339575686642668     
  1.46205771756972164E-002 -0.19946488092656683       7.96947693731893669E-002 -0.38858217127793543     
  2.27522940254349659E-002 -0.19870161830387834       7.00087757374175390E-002 -0.39303850347034658     
  3.09053763183621960E-002 -0.19759771687603178       5.84336047502541645E-002 -0.39569414955315391     
  3.79757260236895655E-002 -0.19636151413394040       4.57009437395804116E-002 -0.39621226097077888     
  4.29582315607844670E-002 -0.19533200029992531       3.26495899453820571E-002 -0.39506615338358098     
  4.50467611558044642E-002 -0.19486094865152409       2.00135831085324761E-002 -0.39328811412251896     
  4.36966129711958903E-002 -0.19516814805404470       8.28341166248206667E-003 -0.39200794375874592     
  3.86623681362011917E-002 -0.19622747333159252      -2.30962476998845812E-003 -0.39198573189887531     
  3.00299244998129405E-002 -0.19773265697536038      -1.17171838950319088E-002 -0.39332708159086183     
  1.82455172273345359E-002 -0.19916601392081693      -1.99790950135184803E-002 -0.39547923053914968     
  4.11941956632235276E-003 -0.19995757145563808      -2.71694186292717361E-002 -0.39749493147740700     
 -1.12292001011463118E-002 -0.19968451383391858      -3.33970656899125196E-002 -0.39845218156496176     
 -2.65019951573311936E-002 -0.19823633434030402      -3.88338680685873447E-002 -0.39785578457123877     
 -4.04024490640756129E-002 -0.19587659918842981      -4.37305029199618750E-002 -0.39584890741517487     
 -5.18127727466801483E-002 -0.19317203881592410      -4.83958120911825163E-002 -0.39314284763530849     
 -5.99122438350170872E-002 -0.19081541614516753      -5.31391471296786197E-002 -0.39070069614602232     
 -6.42173296485207684E-002 -0.18940996429125165      -5.81906811551083231E-002 -0.38931914243957194     
 -6.45665001925170429E-002 -0.18929122286278807      -6.36191451671831304E-002 -0.38928897914634236     
 -6.10923940436478158E-002 -0.19044085535938887      -6.92695737123683458E-002 -0.39027361977169805     
 -5.42098623431618229E-002 -0.19251309260602367      -7.47491410710686005E-002 -0.39145564217583628     
 -4.46146447315751427E-002 -0.19496033821132785      -7.94861078230778839E-002 -0.39189682813094118     
 -3.32609043413902919E-002 -0.19721488849068392      -8.28609659683582356E-002 -0.39096687915555683     
 -2.12866469387338123E-002 -0.19886397024626079      -8.43647739902851912E-002 -0.38865635652049557     
 -9.88351030887089227E-003 -0.19975564128197842      -8.37089912964123772E-002 -0.38563140182368583     
 -1.40616511697051169E-004 -0.19999995056748551      -8.08280871328708878E-002 -0.38300140434520069     
  7.09360338882645842E-003 -0.19987416238964462      -7.57802770926910424E-002 -0.38189591914947585     
  1.13007452451176146E-002 -0.19968047765594152      -6.86200256907622819E-002 -0.38301806347242007     
  1.23285103390965486E-002 -0.19961965793182493      -5.93379576571684761E-002 -0.38633847692161050     
  1.03871644777886792E-002 -0.19973008489987523      -4.79215945606123253E-002 -0.39104158120734156     
  6.01933953293430461E-003 -0.19990939835732402      -3.45081280331107909E-002 -0.39576016902898403     
  4.44797317878477315E-005 -0.19999999505388361      -1.95284724794040805E-002 -0.39903993964224604     
 -6.52741674525381295E-003 -0.19989345369629738      -3.73100396160035586E-003 -0.39987390292957475     
 -1.26110815320091083E-002 -0.19960200555754198       1.19575471413062868E-002 -0.39808722537280367     
 -1.71740478301104782E-002 -0.19926126588258211       2.66678638822944458E-002 -0.39439682588485769     
 -1.93535109322854927E-002 -0.19906140161918362       3.97872019282413808E-002 -0.39011735175512863     
 -1.85450569345147649E-002 -0.19913834603936933       5.10173130686847609E-002 -0.38665121674305725     
 -1.44617425255143383E-002 -0.19947645977188821       6.02857532028274051E-002 -0.38498336498660402     
 -7.17087129884986293E-003 -0.19987140517046287       6.75962942922168214E-002 -0.38537038346812902     
  2.89043663517256182E-003 -0.19997911234941027       7.29264818321780500E-002 -0.38731558069757521     
  1.49343437218391814E-002 -0.19944163401255507       7.62315064048452173E-002 -0.38981667924436347     
  2.78952304990811757E-002 -0.19804508606729715       7.75349930964955164E-002 -0.39178690904125479     
  4.05605148499389584E-002 -0.19584392927815730       7.70303016168515375E-002 -0.39249070563916438     
  5.17338888546573089E-002 -0.19319317985885001       7.51135198100351120E-002 -0.39182196139966885     
  6.03841020318767879E-002 -0.19066662062826806       7.23181745983000751E-002 -0.39031024790442065     
  6.57388755152870513E-002 -0.18888726861804528       6.91834593696901839E-002 -0.38885760352317561     
  6.73159461742715987E-002 -0.18833099423797076       6.61191223426848412E-002 -0.38832741323770226     
  6.49180815082785745E-002 -0.18917093511764566       6.33182711780031215E-002 -0.38916453653255878     
  5.86303451645232010E-002 -0.19121318632847703       6.07363483124760128E-002 -0.39120209789794586     
  4.88381311328826770E-002 -0.19394544838033029       5.81288957602731984E-002 -0.39372953606660832     
  3.62488766144117500E-002 -0.19668761766871132       5.51308346352888806E-002 -0.39579430178880270     
  2.18761952565758727E-002 -0.19879998008323888       5.13555370947596929E-002 -0.39661547089421534     
  6.95264996289530774E-003 -0.19987911511334411       4.64845934623008897E-002 -0.39593325417487935     
 -7.22600304885750739E-003 -0.19986941957172413       4.03161500798086547E-002 -0.39413661617447138     
 -1.94821669299753558E-002 -0.19904885121927374       3.27553311046344456E-002 -0.39210646904121865     
 -2.89064989040762194E-002 -0.19790001091740406       2.37647557414836369E-002 -0.39083973967761199     
 -3.49410936226782209E-002 -0.19692414777383510       1.33244589511138586E-002 -0.39101288117880767     
 -3.73976477886181491E-002 -0.19647243048295215       1.45090357150103738E-003 -0.39266312867534914     
 -3.64375738415082806E-002 -0.19665274778793362      -1.17145067126256004E-002 -0.39511879010182860     
 -3.25390816118627801E-002 -0.19733526843384216      -2.57955286814765400E-002 -0.39722154733731041     
 -2.64559166131651050E-002 -0.19824248907879780      -4.01352888557674689E-002 -0.39777412761025555     
 -1.91549081983393987E-002 -0.19908061053732279      -5.38798519178607868E-002 -0.39604298837551827     
 -1.17201603813547172E-002 -0.19965629927611933      -6.61778386439963728E-002 -0.39209943705515943     
 -5.22885249175819404E-003 -0.19993163606998127      -7.63966903283487542E-002 -0.38684107632826453     
 -6.21458880376566216E-004 -0.19999903446981940      -8.42330263256441253E-002 -0.38168311684729539     
  1.40726529913252300E-003 -0.19999504894966241      -8.96600290478501011E-002 -0.37805893608099522     
  4.81933340277781520E-004 -0.19999941934979593      -9.27609610308476606E-002 -0.37693376493960828     
 -3.41534267935722849E-003 -0.19997083645967620      -9.35665676609720304E-002 -0.37850026438211781     
 -9.93825794607195757E-003 -0.19975292495730154      -9.20026362220348892E-002 -0.38214107648634049     
 -1.84035618587377117E-002 -0.19915147227904598      -8.79774093374553201E-002 -0.38666008473993574     
 -2.78604717279196633E-002 -0.19804997883134901      -8.15469890971447786E-002 -0.39070967324812078     
 -3.72035017652749961E-002 -0.19650928592919262      -7.30451833254163740E-002 -0.39327151264697863     
 -4.53112579286157544E-002 -0.19479961474532351      -6.30859119434305782E-002 -0.39400820310098061     
 -5.11782488722815204E-002 -0.19334111524030997      -5.24289855187317633E-002 -0.39333720434667530     
 -5.40100739316874690E-002 -0.19256923927225153      -4.17853244805448457E-002 -0.39219527840757273     
 -5.32750049252982000E-002 -0.19277389307219339      -3.16643322602533916E-002 -0.39160291214879672     
 -4.87299989591878646E-002 -0.19397264549785764      -2.23230858528105196E-002 -0.39222166804322167     
 -4.04459963043209414E-002 -0.19586761187840848      -1.38077451584981449E-002 -0.39408568263859944     
 -2.88392931570476962E-002 -0.19790981575000738      -6.03432321306079933E-003 -0.39660539533308181     
 -1.46864416100415326E-002 -0.19946004219601188       1.14255719482819762E-003 -0.39883266518331029     
  9.15645411442661062E-004 -0.19999790397271794       7.89504236331283263E-003 -0.39987608691970250     
  1.66675208154043394E-002 -0.19930427428900782       1.44147500700216608E-002 -0.39929158644647633     
  3.12459155073274500E-002 -0.19754415396085240       2.09138370355547235E-002 -0.39727709604716210     
  4.34893762863744343E-002 -0.19521443120379736       2.76182364495569863E-002 -0.39458370396236508     
  5.25320694723625664E-002 -0.19297767144659736       3.47432754947025052E-002 -0.39218499763923609     
  5.78585262095566086E-002 -0.19144814165945320       4.24459431901256234E-002 -0.39085338804146080     
  5.92955837039773406E-002 -0.19100794159721377       5.07548177027243100E-002 -0.39082549667211663     
  5.69815718454770234E-002 -0.19171098161038858       5.94950133533826420E-002 -0.39169518751622090     
  5.13434070319085875E-002 -0.19329732164299579       6.82464971819338878E-002 -0.39258175541387547     
  4.30818604867099081E-002 -0.19530477028737334       7.63799548793747396E-002 -0.39251338295380123     
  3.31395474280993738E-002 -0.19723531731477695       8.31857143520560449E-002 -0.39087255850618485     
  2.26248495452752232E-002 -0.19871616990837374       8.80538524154989566E-002 -0.38771099942338522     
  1.26881680826747539E-002 -0.19959712019642417       9.06169880410384876E-002 -0.38379022272715668     
  4.37589184081958998E-003 -0.19995212319602274       9.07762984328564643E-002 -0.38032664950373263     
 -1.49989109227974000E-003 -0.19999437573769743       8.86007786239471073E-002 -0.37854932334959479     
 -4.44885421308891145E-003 -0.19995051311809800       8.41725063213968616E-002 -0.37924427892443241     
 -4.34216461569887028E-003 -0.19995285846031352       7.74868337928824868E-002 -0.38244673512319882     
 -1.41409652656981737E-003 -0.19999500076505300       6.84812207512818516E-002 -0.38738402024759488     
  3.76616839047007627E-003 -0.19996453679503931       5.71820172344124494E-002 -0.39269945084094099     
  1.03534087376360561E-002 -0.19973183754101759       4.38755656596979196E-002 -0.39690248696758074     
  1.73194728077472153E-002 -0.19924867844395283       2.91823180962717671E-002 -0.39889655071325736     
  2.35743914188953699E-002 -0.19860576041300693       1.39669096514083487E-002 -0.39837486786980919     
  2.80949963744135112E-002 -0.19801684569430375      -8.76249908588012938E-004 -0.39590738839104223     
  3.00360788683096090E-002 -0.19773172220515525      -1.46404484049569399E-002 -0.39267788890458299     
  2.88103004087115651E-002 -0.19791403838626453      -2.69117209787321822E-002 -0.38999489722570557     
  2.41406377370615745E-002 -0.19853772842874970      -3.75301397693468541E-002 -0.38879207187918208     
  1.60968727416599122E-002 -0.19935117428281884      -4.64682875661012879E-002 -0.38931327764994872     
  5.11767815737970699E-003 -0.19993451270422893      -5.37240595263649978E-002 -0.39108275336146692     
 -7.99887178150728712E-003 -0.19983998111044499      -5.92930754856203085E-002 -0.39315036537978776     
 -2.21614801745097997E-002 -0.19876837977021097      -6.32196479685998014E-002 -0.39450858222589547     
 -3.61173045124868683E-002 -0.19671182047541602      -6.56711668217010991E-002 -0.39451619156616824     
 -4.86241969130762966E-002 -0.19399919452038553      -6.69704160445234592E-002 -0.39315595750768889     
 -5.86123251965295494E-002 -0.19121871073474028      -6.75536552345116226E-002 -0.39101874230919198     
 -6.52880531221572830E-002 -0.18904356672343647      -6.78698991597168344E-002 -0.38902690120668371     
 -6.81668535835263656E-002 -0.18802467942406412      -6.82647423670965509E-002 -0.38802465546852782     
 -6.70610740333917738E-002 -0.18842189986699517      -6.88896036349502111E-002 -0.38841354089105457     
