  0.99999999999999900       4.37113900018624124E-008  0.99999999999999900      -0.99999995628861005     
  0.99999429429375386      -3.37807340611544042E-003  0.99662170706442310       -1.0033723862176336     
  0.99990870916648844      -1.35119699898599219E-002  0.98648510326677064       -1.0134218693331203     
  0.99953788721506365      -3.03975660480700453E-002  0.96958718491778739       -1.0299489431327600     
  0.99853990349005228      -5.40190812405861934E-002  0.94592970302033408       -1.0526342057037279     
  0.99643738747881316      -8.43358336319590535E-002  0.91552750432381780       -1.0810572544953039     
  0.99262024812305349      -0.12126435179444868       0.87841690542528961       -1.1147217472154385     
  0.98635097002530392      -0.16465650284802577       0.83466146000881880       -1.1530846957639092     
  0.97677345208752597      -0.21427464454997383       0.78435263845484271       -1.1955871485368212     
  0.96292615818348171      -0.26976510872609216       0.72760367155243144       -1.2416824546386853     
  0.94375992234351680      -0.33063153052629313       0.66453604880122463       -1.2908575603984467     
  0.91816011874296510      -0.39620953591490482       0.59525968559417342       -1.3426424761025986     
  0.88497215079822977      -0.46564395444540585       0.51984921921511273       -1.3966032687186722     
  0.84302849171885808      -0.53786890796013409       0.43831982940384168       -1.4523145863069620     
  0.79117506707618401      -0.61158974258647902       0.35060603570563459       -1.5093084783813915     
  0.72829496335027122      -0.68526377867112387       0.25654596150979658       -1.5669966629748204     
  0.65332880977801111      -0.75707428057889226       0.15587187131262964       -1.6245629516130733     
  0.56529464975817478      -0.82488905857380757       4.82064679884436353E-002  -1.6808211892209013     
  0.46331761189048593      -0.88619229883366568      -6.69338015599876268E-002  -1.7340327546588021     
  0.34669542688161070      -0.93797776145246525      -0.19011581462219618       -1.7816801325497269     
  0.21505857283180219      -0.97660115208387321      -0.32189848281572575       -1.8202107302599022     
  6.87470029545275418E-002 -0.99763412611275992      -0.46253382893776562       -1.8448298990388485     
 -9.03870598097713251E-002 -0.99590671220699423      -0.61115159066656310       -1.8496070714674935     
 -0.25758828442305898      -0.96625476750595407      -0.76402803400820396       -1.8285301179828974     
 -0.42383485497188728      -0.90573948556467343      -0.91237946547847004       -1.7782784036336450     
 -0.57688698783471015      -0.81682397324453881       -1.0427497694025341       -1.7016809496819119     
 -0.70629791544121601      -0.70791472271975875       -1.1429468761745856       -1.6075466947452468     
 -0.80791472545978982      -0.58929941149235199       -1.2083374176773245       -1.5056299564144675     
 -0.88322696710465887      -0.46894575867482358       -1.2415360110966147       -1.4025487947632729     
 -0.93615510497869792      -0.35158728563803754       -1.2482447717658751       -1.3016399367498950     
 -0.97085516371028791      -0.23966695870951873       -1.2342424182457021       -1.2043571442863685     
 -0.99093365894923047      -0.13435208804291121       -1.2042956902773843       -1.1113252931962174     
 -0.99934597780968293      -3.61609822268258579E-002  -1.1620449298482980       -1.0228367400143255     
 -0.99850228179952005       5.47100835418100825E-002  -1.1101946097039663      -0.93903275235049743     
 -0.99040078946498522       0.13822545433867822       -1.0507464901537453      -0.85995208318076655     
 -0.97673898881967303       0.21443168543739688      -0.98520126909167050      -0.78553250882787684     
 -0.95899592235675346       0.28341986681092018      -0.91471842098009237      -0.71559940370984387     
 -0.93848936260587079       0.34530814684224648      -0.84024109282239112      -0.64985378846504438     
 -0.91641271626065623       0.40023459804940142      -0.76259519973349343      -0.58786467409354271     
 -0.89385522107642712       0.44835571118745826      -0.68256983922515979      -0.52906870400584149     
 -0.87180771384099498       0.48984825210195237      -0.60098294614695646      -0.47278041213128663     
 -0.85115572513429250       0.52491326099758306      -0.51873258128025479      -0.41821708706157990     
 -0.83266225669897975       0.55378115376831161      -0.43683082240107740      -0.36454203314447964     
 -0.81694439438848554       0.57671644373750142      -0.35641469238397855      -0.31092785076995499     
 -0.80445040423313618       0.59401982048509439      -0.27872824455316669      -0.25663652071352894     
 -0.79544578618715733       0.60602475299041636      -0.20507322383891180      -0.20110611472953821     
 -0.79001601033243163       0.61308621206028391      -0.13673283596242081      -0.14402744789114108     
 -0.78808921479331484       0.61556103639400095      -7.48818071284245157E-002 -8.53920245536825551E-002
 -0.78947524639705446       0.61378240063259393      -2.05016677479091802E-002 -2.54981601069976804E-002
 -0.79391157774654963       0.60803322830251982       2.56807592756996828E-002  3.50861093688370485E-002
 -0.80110507949045717       0.59852372686017075       6.32212974515783399E-002  9.55924053835158771E-002
 -0.81076167663740994       0.58537637780841134       9.19525993000285258E-002  0.15513582181822316     
 -0.82260102744883745       0.56861898459347704       0.11195227850370792       0.21279582861122764     
 -0.83635758028811158       0.54818427366590416       0.12349593027325745       0.26768251206178179     
 -0.85177133059168286       0.52391373372156791       0.12700518928017301       0.31898319878951209     
 -0.86857162409756705       0.49556365263456797       0.12299814933162923       0.36598979562022926     
 -0.88645639585979186       0.46281211980594017       0.11204632873620801       0.40811011824873211     
 -0.90506809788145504       0.42526666715984796       9.47397881732660041E-002  0.44486745752120571     
 -0.92396665446465176       0.38247303360812107       7.16601965355018189E-002  0.47589237618511598     
 -0.94259920593503110       0.33392624480661703       4.33604672334283459E-002  0.50090984545513784     
 -0.96026614839970148       0.27908587251525746       1.03488391946502389E-002  0.51972366226827305     
 -0.97608303136811103       0.21739805858203812      -2.69252299868886213E-002  0.53219873850056032     
 -0.98893826312585342       0.14832771732087158      -6.80863602890496855E-002  0.53824023705041024     
 -0.99744738488965812       7.14052825551598352E-002 -0.11285295067869028       0.53776639474503551     
 -0.99990606004246174      -1.37066075438428588E-002 -0.16106434340921272       0.53066879090449248     
 -0.99424608475140119      -0.10712013329206403      -0.21271738979306276       0.51674916308075503     
 -0.97800189018384576      -0.20859602775897926      -0.26801097454091660       0.49561480693792814     
 -0.94829941842093024      -0.31737708332916142      -0.32738874335417556       0.46650424288555775     
 -0.90188522134989890      -0.43197574875291761      -0.39155179419146935       0.42800087483910304     
 -0.83522175655213959      -0.54991328169263065      -0.46137453880458468       0.37757701894798101     
 -0.74468660694727418      -0.66741430718359340      -0.53758069003742370       0.31090421925906275     
 -0.62693187372176251      -0.77907408230008524      -0.61989476389963150       0.22090115693604273     
 -0.47948952094932867      -0.87754760514731245      -0.70514918064069965       9.66585937592510103E-002
 -0.30174574696181722      -0.95338843300642939      -0.78353180710318582      -7.70995581178698375E-002
 -9.64079316486749494E-002 -0.99534190643980447      -0.83214473918101683      -0.31807434480546959     
  0.12861165314887413      -0.99169503511629709      -0.80661533122014617      -0.63764632701523905     
  0.35868222749432377      -0.93345972579416092      -0.63763309297115756       -1.0192255826706893     
  0.57331148658958009      -0.81933750026740848      -0.25128569301214343       -1.3850578299294094     
  0.75147737669148496      -0.65975885922121880       0.36698591490963328       -1.5828874070502061     
  0.87993787956737213      -0.47508875813102214        1.0974257425108864       -1.4511517834896632     
  0.95813090703884329      -0.28633051701997037        1.7067558776754534      -0.94932422237420266     
  0.99461129066627540      -0.10367439644948899        1.9891627891708417      -0.20792081999639855     
  0.99708860431910529       7.62516566179296806E-002   1.8727996385775483       0.55908722332569405     
  0.96630629005076352       0.25739493741783220        1.4223210589522572        1.1473671451545218     
  0.90075725123374850       0.43432289180956346       0.80437577969073704        1.4296673607966592     
  0.80263839201634490       0.59646593503855372       0.20980838354841702        1.4017935584688670     
  0.67870854226196298       0.73440773052892172      -0.22865610032412187        1.1547521195537147     
  0.53800432852612345       0.84294207540444610      -0.46138730024315289       0.80806554538936415     
  0.38901881872043415       0.92122980774688246      -0.50005000710743142       0.46345625789820416     
  0.23780779832071691       0.97131223149811785      -0.38756771152151887       0.19098827845709809     
  8.73435088959918920E-002  0.99617825285123329      -0.17863540462658473       3.21994058004539951E-002
 -6.20686314602821518E-002  0.99807188367804833       6.91179751828883970E-002  6.71419129983819030E-003
 -0.21145063655830379       0.97738867821306796       0.29797088988572862       0.11687156136097887     
 -0.36124095001640572       0.93247250685006511       0.45068267957441449       0.34870883916247386     
 -0.50961785037001350       0.86040086389092296       0.47189321632727910       0.66899546702149593     
 -0.65166064046834360       0.75851065230778947       0.31376014706333655        1.0192072249774553     
 -0.77954387398129854       0.62634762595401394      -4.95356203067054413E-002   1.3097859549691275     
 -0.88398247983766032       0.46752002667271964      -0.59497686330417010        1.4248474281462684     
 -0.95690892010573481       0.29038822052913327       -1.2210731272682762        1.2548659401547273     
 -0.99434402001242772       0.10620720251246960       -1.7496539096377219       0.76157501575494635     
 -0.99709516357937844      -7.61658372671932815E-002  -1.9913184700270632       3.11655044566174905E-002
 -0.96643936495090532      -0.25689483037478761       -1.8380385147453018      -0.74711408956161851     
 -0.89723471909599772      -0.44155391386412390       -1.3128822377987173       -1.3510796915066670     
 -0.78007911117043183      -0.62568089335982524      -0.58402437437498278       -1.6062738467202231     
 -0.61183729868255032      -0.79098364075424454       0.10137080860886483       -1.4919359898435369     
 -0.40217901445859799      -0.91556105221285533       0.57068659748675832       -1.1469319689119675     
 -0.17110133422485704      -0.98525343614040428       0.79949816260822781      -0.74455317285146982     
  5.94004453396658541E-002 -0.99823423458297067       0.85443165993999204      -0.39166571593801980     
  0.27233839839455626      -0.96220153645683182       0.81371113570749998      -0.12141883010858012     
  0.45790511613820734      -0.88900107121108396       0.73197697889879099       7.27081436989863716E-002
  0.61230354806236154      -0.79062277037171358       0.63888243985467363       0.20902394848004791     
  0.73568808532834684      -0.67732048625883967       0.54773940143104694       0.30485836314755677     
  0.83043900703294238      -0.55710955439495080       0.46324719448109108       0.37303568845418944     
  0.90000046947290102      -0.43588892501250553       0.38622895308728822       0.42203812838470955     
  0.94816633283905127      -0.31777445660490944       0.31608113657088355       0.45712444303208966     
  0.97866405998767092      -0.20546692602082828       0.25189593394255561       0.48141595407218396     
  0.99492801445075574      -0.10058949279659796       0.19290730130410638       0.49670672825602186     
  0.99999210404713856      -3.97389523978764793E-003  0.13862343881470962       0.50400644154078478     
  0.99645664497128827       8.41079942250674562E-002  8.88291094525754943E-002  0.50388443087704027     
  0.98649963726800616       0.16376344424227360       4.35438053857528651E-002  0.49668130065620597     
  0.97191259851748046       0.23534209322388303       2.97252187692298442E-003  0.48263772173314445     
  0.95414800529363786       0.29933523680678176      -3.25377105472566264E-002  0.46197378745066120     
  0.93437030095785123       0.35630343906273854      -6.25330531394859834E-002  0.43493996104507887     
  0.91350587046078235       0.40682554569949053      -8.64817619931801396E-002  0.40185212241980628     
  0.89228969908041877       0.45146327969722605      -0.10380016866875386       0.36311750805287535     
  0.87130788822375482       0.49073675623399232      -0.11387931523038097       0.31925447099665594     
  0.85103600255609391       0.52510734364827161      -0.11611538478400452       0.27090625402408669     
  0.83187350477005984       0.55496528906011522      -0.10994624901069516       0.21884692986449183     
  0.81417436431324264       0.58062044787892830      -9.48952306959094383E-002  0.16397614943012406     
  0.79827332901769343       0.60229535294488978      -7.06214166463958737E-002  0.10729846309876401     
  0.78450637965403580       0.62012074653418736      -3.69734322508634694E-002  4.98831481309505165E-002
  0.77322276783339394       0.63413448991839694       5.95941051455561865E-003 -7.19767091234191358E-003
  0.76478530477432582       0.64428521448287279       5.78076763112121972E-002 -6.29506958417315188E-002
  0.75955607654147850       0.65044182413872775       0.11790485871691037      -0.11655473039346087     
  0.75786726887628908       0.65240876968814154       0.18530228121522296      -0.16745056879906706     
  0.75998109963507166       0.64994517322422451       0.25881942516976764      -0.21540849785317528     
  0.76604720828862438       0.64278431427128413       0.33712400933327835      -0.26055664538786505     
  0.77606757498494894       0.63064975942037793       0.41882704361161227      -0.30336266166624559     
  0.78987660413136895       0.61326580717165102       0.50257365876980109      -0.34457395896179155     
  0.80713852233230376       0.59036209716344856       0.58711294525612501      -0.38513200606439491     
  0.82735867227517790       0.56167395115943808       0.67133752827446669      -0.42607976441176110     
  0.84990211646619152       0.52694059667697679       0.75429203193090921      -0.46847826578000729     
  0.87401271268253700       0.48590305418808910       0.83515546051801326      -0.51334171760419933     
  0.89882740564696795       0.43830274338400033       0.91320464944912205      -0.56159389870489751     
  0.92338245603122981       0.38388128359394397       0.98776501494720859      -0.61404400725073160     
  0.94660974214492666       0.32238175518523926        1.0581522359388149      -0.67137790996435831     
  0.96732178138633440       0.25355191037649194        1.1236053569760889      -0.73416031694525252     
  0.98418376531996554       0.17715054637402308        1.1832086818101233      -0.80284388351631353     
  0.99566986757803999       9.29597482630427213E-002   1.2357968959908161      -0.87778172619122707     
  0.99999967303561943       8.08658552341136013E-004   1.2798352441974592      -0.95923928457994168     
  0.99504958840902114      -9.93796589199096025E-002   1.3132651485614610       -1.0473980433813443     
  0.97823613005575127      -0.20749475620734903        1.3333088940500260       -1.1423334226463586     
  0.94638127821681872      -0.32305181664974492        1.3362464247369390       -1.2439237770920450     
  0.89561822159814930      -0.44482356181003757        1.3172456346359671       -1.3515927301075914     
  0.82153347248120101      -0.57016028763232862        1.2705188132194927       -1.4636994103360412     
  0.72002714079762242      -0.69394590316162308        1.1904614402724154       -1.5763809261959882     
  0.58955656372557252      -0.80772709386778341        1.0746226001858730       -1.6822046180344681     
  0.43427447841996963      -0.90078059337058503       0.92767115939018885       -1.7705850054124945     
  0.26467538615517183      -0.96433756535956361       0.76176509743342224       -1.8320367176821331     
  9.33454448991106328E-002 -0.99563378202860664       0.59075092344557756       -1.8631519604617506     
 -7.00338264719028297E-002 -0.99754461712231368       0.42426385238430608       -1.8668373208058107     
 -0.22006979997968848      -0.97548412756789638       0.26683710633572999       -1.8489379984634051     
 -0.35451605488245141      -0.93504992745338611       0.11982275569996720       -1.8153922999285819     
 -0.47288699676952750      -0.88112308350553203      -1.68390779953573322E-002  -1.7710783047283460     
 -0.57558320034647414      -0.81774322343808548      -0.14367539863751250       -1.7196609862207752     
 -0.66344542715074761      -0.74822467561071648      -0.26127979037136029       -1.6637916041275944     
 -0.73754382097502247      -0.67529927598181527      -0.37016562359363975       -1.6053709184313665     
 -0.79907682638404365      -0.60122892939046524      -0.47072281174349845       -1.5457836610336013     
 -0.84931618636748385      -0.52788447180627829      -0.56321604775429912       -1.4860841956037318     
 -0.88956914918666463      -0.45680053504271817      -0.64780125115630638       -1.4271346442453074     
 -0.92114627396185345      -0.38921657462933668      -0.72455100071957779       -1.3697013009452519     
 -0.94533132060498981      -0.32611147524002576      -0.79348377382427737       -1.3145154020516705     
 -0.96335319207689341      -0.26823614095654613      -0.85459268111521092       -1.2623041221607261     
 -0.97636104321934325      -0.21614604619015318      -0.90786985159054834       -1.2137977673179563     
 -0.98540365936545360      -0.17023403922004898      -0.95332357938602941       -1.1697193409971756     
 -0.99141369586243178      -0.13076269979009203      -0.99098681365403241       -1.1307626086758780     
 -0.99519673767124062      -9.78951139154550093E-002  -1.0209172342510822       -1.0975642872201470     
 -0.99742459834427355      -7.17228737416771012E-002  -1.0431906300112308       -1.0706750599575436     
 -0.99863192769983689      -5.22902761372301197E-002  -1.0578903055593285       -1.0505329543740713     
 -0.99921505944906630      -3.96139491871082133E-002  -1.0650956644823797       -1.0374414622776447     
 -0.99943208165571640      -3.36973909571866570E-002  -1.0648729668257122       -1.0315538388233951     
 -0.99940331229558887      -3.45401125158218206E-002  -1.0572706386684105       -1.0328643947700709     
 -0.99911166393880191      -4.21412266247512615E-002  -1.0423205547138934       -1.0412072863815554     
 -0.99840274451052768      -5.64974313915765150E-002  -1.0200455550190126       -1.0562631983356612     
 -0.99698492867755606      -7.75954379445631809E-002 -0.99047222227246257       -1.0775742300473163     
 -0.99443001062770464      -0.10539902259026533      -0.95364677361507710       -1.1045670402823708     
 -0.99017537255314303      -0.13983108234310590      -0.90965097579430587       -1.1365837204267106     
 -0.98352882347863479      -0.18075135791117136      -0.85861447056029616       -1.1729188863230786     
 -0.97367732153254172      -0.22793085252596990      -0.80071999834169949       -1.2128601719975036     
 -0.95970063132937078      -0.28102437301061117      -0.73619887254021266       -1.2557278991241434     
 -0.94059054668353659      -0.33954296265651818      -0.66531568020259013       -1.3009085267807472     
 -0.91527562872269919      -0.40282815624812979      -0.58834334745530814       -1.3478759240701057     
 -0.88265053776900759      -0.47002981626284279      -0.50553196081775431       -1.3961948009811498     
 -0.84160812467847856      -0.54008866353143770      -0.41707647919201857       -1.4455017637130942     
 -0.79107173270700515      -0.61172339640718054      -0.32308912671682322       -1.4954610726950244     
 -0.73002496751569801      -0.68342047584463261      -0.22358147996847766       -1.5456936308952862     
 -0.65753693647170608      -0.75342230997987014      -0.11845914610427732       -1.5956782900314046     
 -0.57278322785823366      -0.81970688290650751      -7.52917842462397235E-003  -1.6446237633247145     
 -0.47506773454296547      -0.87994923012422399       0.10948136695239041       -1.6913075652271377     
 -0.36386002112970850      -0.93145364083430804       0.23289454953789546       -1.7338774580202909     
 -0.23888210441557739      -0.97104857766745389       0.36302191287886670       -1.7696170180436122     
 -0.10031656744207924      -0.99495557001136425       0.50001444254627514       -1.7947072054872550     
  5.07252490863798894E-002 -0.99871264591228881       0.64345528106727057       -1.8041138559858347     
  0.21127427567052143      -0.97742681589973601       0.79136514859557239       -1.7919785816881677     
  0.37511527801815053      -0.92697817029170948       0.93836342199799749       -1.7532659702157174     
  0.53205670134207450      -0.84670872592467750        1.0740669471616444       -1.6870806039802257     
  0.67040053091618268      -0.74199941249794832        1.1852652842538030       -1.5992708314608062     
  0.78233576261062909      -0.62285692943118598        1.2626689851802437       -1.4999430114641237     
  0.86658255510968030      -0.49903374152413577        1.3050458558693463       -1.3977828354802515     
  0.92620529817089126      -0.37701955604473669        1.3168632418140289       -1.2975554711879291     
  0.96554303739389880      -0.26024343015754337        1.3042405084518396       -1.2011387607331367     
  0.98864356771042816      -0.15027939321409350        1.2727472626274547       -1.1090729531291010     
  0.99885880717955544      -4.77606880167742442E-002   1.2268041792277307       -1.0214346105194871     
  0.99888912119218087       4.71224316426111858E-002   1.1697447857450172      -0.93817363649640695     
  0.99092971790753359       0.13438115257615560        1.1040447895537377      -0.85920074166632410     
  0.97680825238022750       0.21411594541716344        1.0315513806634302      -0.78438452524159841     
  0.95809037663591978       0.28646610654253907       0.95367329580652116      -0.71352413810835080     
  0.93615459813321955       0.35158863518895223       0.87153161539454815      -0.64632111529049741     
  0.91224209686203739       0.40965150642070541       0.78607997716169509      -0.58235813040381479     
  0.88748605306230777       0.46083457511333364       0.69820239433639908      -0.52108787423759839     
  0.86292318878706864       0.50533510688805028       0.60879369159266150      -0.46183509460479855     
  0.83948912998190106       0.54337648149531714       0.51882348239572806      -0.40381597120800772     
  0.81799957557128955       0.57521882302754157       0.42938024858657153      -0.34617958086403500     
  0.79912152764305533       0.60116951357951409       0.34168843102864616      -0.28807452610911521     
  0.78334265044981832       0.62159013182824407       0.25709040018948004      -0.22873837474784986     
  0.77095034836947718       0.63689525068804032       0.17698909151319708      -0.16759839462788639     
  0.76203215694308457       0.64753918165982061       0.10275678367594432      -0.10436239581124240     
  0.75650308054726900       0.65399012922405197       3.56277859431090027E-002 -3.90746654592196707E-002
  0.75415516825694218       0.65669626326890518      -2.33993323292240873E-002  2.78807111248781103E-002
  0.75471582237520740       0.65605184814655804      -7.36268392876352484E-002  9.58300752125551547E-002
  0.75789960553089797       0.65237120409787341      -0.11467916587520111       0.16389777831974300     
  0.76344369977594873       0.64587438196015412      -0.14648365663609952       0.23110672886630290     
  0.77112492095149998       0.63668387468785714      -0.16922325577749853       0.29647025573287150     
  0.78076168017261571       0.62482893560880659      -0.18327578581628523       0.35906256420396049     
  0.79220612072114960       0.61025360489877267      -0.18915172124600932       0.41806415146919246     
  0.80533096498882129       0.59282546911394918      -0.18743798468980610       0.47278459043507970     
  0.82001400342377628       0.57234345823894150      -0.17875139837429566       0.52266778842829908     
  0.83612165918591685       0.54854404658166644      -0.16370270942310861       0.56728522945691806     
  0.85349200954805771       0.52110592938251821      -0.14287048970892757       0.60632194943962925     
  0.87191701490888718       0.48965367262216614      -0.11678336609155182       0.63955883133789126     
  0.89112336806385783       0.45376110773239048      -8.59086579332718481E-002  0.66685362326483255     
  0.91075121374874746       0.41295547781229808      -5.06453636366239746E-002  0.68812201100936665     
  0.93032993414921095       0.36672362021817589      -1.13194037124801916E-002  0.70331911113366419     
  0.94925023290023580       0.31452185192582105       3.18209864664317221E-002  0.71242080616910930     
  0.96673190635284956       0.25579175365790296       7.86118409308147470E-002  0.71540327374281176     
  0.98178703994665517       0.18998475779068411       0.12898413087496796       0.71221765437885154     
  0.99317903367221072       0.11659934422600249       0.18298039584344672       0.70275475643373375     
  0.99937902958304059       3.52357095807654536E-002  0.24077838978493549       0.68679159306115101     
  0.99852324698271655      -5.43261008640674517E-002  0.30272052347322775       0.66390684878164319     
  0.98837778015573863      -0.15201764270772805       0.36934249002021202       0.63334552778527664     
  0.96632205013731132      -0.25733576397077751       0.44138270953573910       0.59380387715092853     
  0.92936896131157432      -0.36915218237286013       0.51973022242572964       0.54309564777200503     
  0.87424975327380416      -0.48547643495919812       0.60522243007204712       0.47765611010970221     
  0.79760554129093242      -0.60317940987901664       0.69812127026217474       0.39185972493824106     
  0.69634569643749589      -0.71770653546765117       0.79696470990600754       0.27721849393337028     
  0.56825045039322974      -0.82285565297194840       0.89633079888092926       0.12179416835666945     
  0.41288892044606190      -0.91078138945242271       0.98301794753546723      -8.92262224246155311E-002
  0.23283218296891736      -0.97251692765418152        1.0307487172108230      -0.36974897530154871     
  3.48600765516547811E-002 -0.99939220282270202       0.99582295729798354      -0.72271487843973570     
 -0.16963047008137672      -0.98550773899547395       0.82095891583736047       -1.1223750780692618     
 -0.36611031669183969      -0.93057145669303698       0.45813093904117586       -1.4968102334892412     
 -0.54063735715446937      -0.84125575662162977      -8.93668802904974968E-002  -1.7336429801468007     
 -0.68425108700524084      -0.72924649463137381      -0.73632101095087121       -1.7278899360158833     
 -0.79535457774682561      -0.60614445114771831       -1.3394632665136803       -1.4451591916668667     
 -0.87845193682436695      -0.47783071760773027       -1.7655320718384191      -0.93944617885599779     
 -0.93928915412781244      -0.34312663105311225       -1.9389732866324525      -0.31799427703592492     
 -0.97987487519313643      -0.19961269740483770       -1.8489623077314281       0.29504580560911031     
 -0.99879398303776590      -4.90976521592927304E-002  -1.5455802293002046       0.78817458606327706     
 -0.99469560345288499       0.10286231803484175       -1.1208611659668504        1.0948715170020362     
 -0.96833915349225508       0.24963830598268158      -0.67299384542409235        1.2050288800423810     
 -0.92266222161609879       0.38560916068273704      -0.27779083765211898        1.1499002689290527     
 -0.86184290675563002       0.50717531887406198       1.99486231514425238E-002  0.97881469147154165     
 -0.79018930562764123       0.61286284050487705       0.20135606635560499       0.74262329402830574     
 -0.71131413576058855       0.70287424214233873       0.26501775047566589       0.48659653196776381     
 -0.62772516423970781       0.77843504429093624       0.22067753804707546       0.24908369145193210     
 -0.54079774436225891       0.84115266134792255       8.60135559079187040E-002  6.19815672654936423E-002
 -0.45106696148290987       0.89249010989398370      -0.11461006104562516      -4.92087560648402089E-002
 -0.35871970271077080       0.93344532506574596      -0.35083045846464550      -6.65235543626215842E-002
 -0.26402337057125785       0.96451628280303914      -0.58766235361643582       1.83356400854431945E-002
 -0.16747562256102141       0.98587621730509267      -0.78830198244542116       0.20192811259873789     
 -6.97409160758552804E-002  0.99756513803605851      -0.91816412742595155       0.46824665692814382     
  2.84454329691956088E-002  0.99959534679949114      -0.94927795425090589       0.78969780493000830     
  0.12632262309402081       0.99198921107774451      -0.86414174446806769        1.1297583534494386     
  0.22310494226238500       0.97479443204098060      -0.65847069715509310        1.4468372182221325     
  0.31797019599537463       0.94810070902761334      -0.34260871996876036        1.6988573245719909     
  0.41007309321408880       0.91205266197836909       5.84994569873090731E-002   1.8482128930874886     
  0.49862515199607488       0.86681771889878390       0.50699890539519277        1.8667826584111704     
  0.58307417878461787       0.81241892028352192       0.95579151247309135        1.7403638481580996     
  0.66330777558051335       0.74834670765256339        1.3539668657224575        1.4715271977131716     
  0.73951282499236881       0.67314246758899865        1.6526817774180094        1.0807237040632236     
  0.81135894988538104       0.58454824817194662        1.8111049657740093       0.60708496742774609     
  0.87705427922322232       0.48039128977973145        1.8050210270488392       0.10772828527036488     
  0.93309721584280603       0.35962422858645654        1.6374992575981659      -0.35017698553682203     
  0.97479375713216976       0.22310789106651630        1.3436454908556263      -0.70638035443699754     
  0.99725853139112008       7.39960915699364036E-002  0.98220058284699518      -0.92589053109567487     
  0.99659532804808260      -8.24484815671863297E-002  0.61644710073956577       -1.0073740598026422     
  0.97085579307843972      -0.23966440921846069       0.29536478013223522      -0.97703262892209741     
  0.92040282552472352      -0.39097140402605585       4.46345865117180329E-002 -0.87370320485966491     
  0.84759376017613297      -0.53064566116240308      -0.13135769661500118      -0.73473888801355614     
  0.75604595360222937      -0.65451853758445655      -0.24175304194811453      -0.58820741876773897     
  0.64987191858398341      -0.76004374179120271      -0.30128175091715137      -0.45132591432649966     
  0.53313715626070857      -0.84602882493106868      -0.32488077283379613      -0.33240908879121045     
  0.40958562682356309      -0.91227167790058517      -0.32505587152911358      -0.23381617538171384     
  0.28255302226552714      -0.95925168209840350      -0.31112650214842186      -0.15455010866162477     
  0.15496776447500771      -0.98791952707374830      -0.28944916290990164      -9.20994588380806833E-002
  2.93720419728555962E-002 -0.99956854849997401      -0.26401348362002564      -4.35743365025431650E-002
 -9.20663478215920927E-002 -0.99575287476300745      -0.23709263005797782      -6.32507170677021335E-003
 -0.20755500535126209      -0.97822334860380300      -0.20981361683274083       2.17741007300319422E-002
 -0.31568290131654658      -0.94886474579697999      -0.18260866804823034       4.22413274565591745E-002
 -0.41542135030401406      -0.90962910117893092      -0.15555073559809263       5.60143442046985296E-002
 -0.50611277033181146      -0.86246731167451152      -0.12859116650123620       6.35334651292610575E-002
 -0.58744435086340963      -0.80926456405718605      -0.10172039532110139       6.48476936147526217E-002
 -0.65940775428630871      -0.75178548375656151      -7.50707293691227351E-002  5.97256013870315350E-002
 -0.72224871489883979      -0.69163342445762011      -4.89768960843618428E-002  4.77616377319003416E-002
 -0.77641165313071381      -0.63022610615780761      -2.40061976550071110E-002  2.84741523592164647E-002
 -0.82248441409551565      -0.56878764804622506      -9.66268907634404428E-004  1.39472376744576021E-003
 -0.86114739660358675      -0.50835534945829464       1.91052602667780569E-002 -3.38500701697879158E-002
 -0.89313009801144772      -0.44979843043974921       3.49682416187687695E-002 -7.74632696294447198E-002
 -0.91917677930053010      -0.39384520867303247       4.52263234037402206E-002 -0.12940872198033609     
 -0.94002170231341842      -0.34111464228288846       4.83952021651725683E-002 -0.18935159361503925     
 -0.95637321406339992      -0.29214769453487416       4.29952750056156185E-002 -0.25661428693142391     
 -0.96890481773344939      -0.24743373693357040       2.76677428670412118E-002 -0.33015695893429653     
 -0.97825035506808766      -0.20742768091351854       1.30692238576501918E-003 -0.40859313566953748     
 -0.98499983727422336      -0.17255526815995381      -3.68063201000777829E-002 -0.49024860140590548     
 -0.98969275456557293      -0.14320702343254230      -8.68914347566579481E-002 -0.57326489971349259     
 -0.99280710787801640      -0.11972487856284758      -0.14859784732191728      -0.65573861382652932     
 -0.99474456179336179      -0.10238777652890323      -0.22099354464860255      -0.73587760554547899     
 -0.99581404102727478      -9.14023834094550292E-002 -0.30261628886164227      -0.81214982627173427     
 -0.99621682159814662      -8.69024991866543806E-002 -0.39157718656793128      -0.88340165910493573     
 -0.99603543918032489      -8.89573150272498225E-002 -0.48569591642954635      -0.94893032130041621     
 -0.99522709923551855      -9.75859669586532641E-002 -0.58264298090253530       -1.0085054723483418     
 -0.99362058587219793      -0.11277469277719253      -0.68006674745563367       -1.0623451169239426     
 -0.99091453024740328      -0.13449309924515868      -0.77568950241310142       -1.1110575811887342     
 -0.98667445533620357      -0.16270685046120859      -0.86736444296916382       -1.1555639000655193     
 -0.98032609685965844      -0.19738476085024290      -0.95309231435282249       -1.1970138526089664     
 -0.97114291288641319      -0.23849830764701985       -1.0310012255655912       -1.2367051912153519     
 -0.95822644770693499      -0.28601062028349328       -1.0992961600350879       -1.2760102850630588     
 -0.94047975785839699      -0.33984970951673776       -1.1561870113639610       -1.3163077888960251     
 -0.91657768414399721      -0.39985666047876067       -1.1998080054043792       -1.3589085804073644     
 -0.88494599043864253      -0.46569366970850062       -1.2281512295675436       -1.4049541042177340     
 -0.84377871046826358      -0.53669124062212370       -1.2390586938950778       -1.4552519270778950     
 -0.79115334954471139      -0.61161783615602949       -1.2303549006507226       -1.5100063921306000     
 -0.72533730990097900      -0.68839362785081848       -1.2002386871412853       -1.5684326507897222     
 -0.64536086443570262      -0.76387784013859350       -1.1480104253712522       -1.6283681054922869     
 -0.55175151973444181      -0.83400854939906577       -1.0749494936835937       -1.6862197204450116     
 -0.44698740866328640      -0.89454024867329485      -0.98473168114148479       -1.7376482473406620     
 -0.33515158415031371      -0.94216421904121106      -0.88278087416899553       -1.7788852960517250     
 -0.22085988870269888      -0.97530554677097547      -0.77481000306137093       -1.8078554076213718     
 -0.10818080915084322      -0.99413123506480217      -0.66555275601352304       -1.8243941529712362     
 -1.07363370516732159E-004 -0.99999999423655328      -0.55830397174183832       -1.8297087060160266     
  0.10144399403012895      -0.99484125169557336      -0.45509548980415959       -1.8256624135189008     
  0.19539749455297473      -0.98072412997867053      -0.35708277597418403       -1.8142501047858373     
  0.28125944256287311      -0.95963176581917187      -0.26488841890877141       -1.7973205585160477     
  0.35891687374430170      -0.93336952904067794      -0.17883636425526361       -1.7764718093252130     
  0.42850014961367716      -0.90354171003947370      -9.90929993243672702E-002  -1.7530388961405450     
  0.49029360320434745      -0.87155733182441752      -2.57466313144988357E-002  -1.7281216763763805     
  0.54467734985894634      -0.83864568475049994       4.11497604025912178E-002  -1.7026248318693828     
  0.59208793897489398      -0.80587336010099142       0.10155676828899168       -1.6772970059733754     
  0.63299004443734808      -0.77415993415004636       0.15543866279316548       -1.6527637572066798     
  0.66785464034614395      -0.74429173001459759       0.20276017260880946       -1.6295527853424177     
  0.69714117808888754      -0.71693387269178321       0.24348694204640442       -1.6081116518810485     
  0.72128251156394163      -0.69264098818364228       0.27758787134989743       -1.5888190208564645     
  0.74067200652072984      -0.67186678646630227       0.30503823684333115       -1.5719907883219684     
  0.75565262783559861      -0.65497259946134723       0.32582292000944918       -1.5578825740823428     
  0.76650796430427925      -0.64223480181169701       0.33993936486385173       -1.5466900135117747     
  0.77345521350681223      -0.63385095464086150       0.34740007695255465       -1.5385481529429967     
  0.77664016447425854      -0.62994448559011662       0.34823459075777918       -1.5335310417144616     
  0.77613421428065399      -0.63056774530810866       0.34249087508969783       -1.5316523442084102     
  0.77193345042986095      -0.63570334913971427       0.33023613381487560       -1.5328674815564765     
  0.76395982657547612      -0.64526380913450310       0.31155691679704489       -1.5370774708509003     
  0.75206445018333423      -0.65908957112856770       0.28655841473952570       -1.5441342767595247     
  0.73603297968584935      -0.67694567936782790       0.25536280413235352       -1.5538471460865075     
  0.71559308883158401      -0.69851738075474745       0.21810656051565547       -1.5659890829699639     
  0.69042389530270376      -0.72340503509102083       0.17493678182364125       -1.5803023660689064     
  0.66016717549293236      -0.75111869927574293       0.12600675234219583       -1.5965018327362031     
  0.62444011532506427      -0.78107268699706844       7.14712071409530081E-002  -1.6142745752460521     
  0.58284931020320163      -0.81258026163305985       1.14819903708833770E-002  -1.6332747150245965     
  0.53500577491213064      -0.84484840108191639      -5.38149950459901882E-002  -1.6531120343513626     
  0.48054092707319840      -0.87697230139134441      -0.12428048183459384       -1.6733334401511368     
  0.41912396541463132      -0.90792901793869052      -0.19977893135963826       -1.6933965248187763     
  0.35048192095517050      -0.93656949719899252      -0.28017042665170500       -1.7126349689589058     
  0.27442512918809359      -0.96160846942510758      -0.36529490603177128       -1.7302164817033396     
  0.19088326185041687      -0.98161274459195225      -0.45494429345547310       -1.7450960573156933     
  9.99607267584803200E-002 -0.99499138343300064      -0.54881398372083290       -1.7559719186916123     
  2.02525536301115553E-003 -0.99999794916825435      -0.64641772321555580       -1.7612611779742675     
 -0.10215176387122712      -0.99476882597817518      -0.74693912725375777       -1.7591308187683743     
 -0.21118750405810841      -0.97744556786028058      -0.84898519652098892       -1.7476495041583400     
 -0.32282818739385610      -0.94645758564449012      -0.95022810194116980       -1.7251547971625638     
 -0.43374981133742646      -0.90103335186037758       -1.0470300087619697       -1.6908987830870601     
 -0.53968924878530655      -0.84186430898663922       -1.1343794495439470       -1.6458192611584932     
 -0.63619954043561810      -0.77152455874684145       -1.2066132917747616       -1.5928820645159223     
 -0.71987543867863646      -0.69410327242222447       -1.2589263534444251       -1.5363764533381115     
 -0.78925255514969284      -0.61406872920682187       -1.2887242751559609       -1.4803989208277653     
 -0.84475608227276888      -0.53515153130974313       -1.2958424283514642       -1.4276318439112994     
 -0.88797419884511042      -0.45989327260287727       -1.2817851495152413       -1.3790847298805695     
 -0.92090716906481818      -0.38978197234482548       -1.2488030714179543       -1.3344958323151461     
 -0.94551083649457424      -0.32559062958158125       -1.1992965054893951       -1.2928511085699721     
 -0.96350861053638004      -0.26767733826802453       -1.1355674158942217       -1.2527640184636470     
 -0.97635220366792053      -0.21618597177614324       -1.0597814946614246       -1.2126996713329137     
 -0.98524255941226613      -0.17116395392362016      -0.97402297322657849       -1.1711010123857126     
 -0.99116612676699600      -0.13262620084173082      -0.88037613550211447       -1.1264700406050649     
 -0.99492826391487310      -0.10058702532303321      -0.78100105391632513       -1.0774366293165225     
 -0.99717803792331072      -7.50730356613901612E-002 -0.67818691812708887       -1.0228307396612850     
 -0.99842380515236506      -5.61240171858019901E-002 -0.57437274792284310      -0.96176230086341052     
 -0.99904095991320163      -4.37853904368647462E-002 -0.47212835972029954      -0.89370486412714034     
 -0.99927414456503694      -3.80944090886518871E-002 -0.37409163403098600      -0.81857299849539622     
 -0.99923677752601425      -3.90622892240928832E-002 -0.28286316263490774      -0.73677916868728066     
 -0.99891103810380677      -4.66555243714504644E-002 -0.20086676171159890      -0.64925434026610307     
 -0.99815112299765441      -6.07810468692446121E-002 -0.13019334711035535      -0.55741904307651546     
 -0.99669126998240676      -8.12804548514409059E-002 -7.24539545328874990E-002 -0.46309897814577478     
 -0.99415775227469638      -0.10793685001945971      -2.86715205157136444E-002 -0.36839094632788760     
 -0.99008161226267510      -0.14049341998592654       7.63359242220373879E-004 -0.27549802154995767     
 -0.98390773527001285      -0.17867727464855274       1.60611760232095557E-002 -0.18656247896090020     
 -0.97499691633850194      -0.22221839062150611       1.79341875292984287E-002 -0.10352625536448280     
 -0.96262037099953390      -0.27085424371185257       7.45259572599088482E-003 -2.80406542479619547E-002
 -0.94594907591382393      -0.32431519510775725      -1.41137599622788157E-002  3.85662510223583888E-002
 -0.92404203418289044      -0.38229088278841533      -4.54422567026979696E-002  9.52679418727527261E-002
 -0.89583787538820236      -0.44438103134579399      -8.52766367408787085E-002  0.14127285825327318     
 -0.86015385641172948      -0.51003464911712615      -0.13251113829064609       0.17592167220760779     
 -0.81569613232053151      -0.57848061308683962      -0.18623635573306396       0.19855245548775813     
 -0.76108555268539846      -0.64865151005263333      -0.24574125205915121       0.20833171721149701     
 -0.69490435193560085      -0.71910217748311855      -0.31045661215153336       0.20404457974182122     
 -0.61577105211912586      -0.78792513056260927      -0.37980842000024784       0.18383699889270710     
 -0.52245389927441566      -0.85266753376269622      -0.45292349950221150       0.14491229938727157     
 -0.41403736595045199      -0.91025988574517092      -0.52809334931620400       8.32144383611299610E-002
 -0.29016092557772161      -0.95697786665516982      -0.60186091854634827      -6.79729729829325890E-003
 -0.15135053623471106      -0.98848015416672141      -0.66757638315427192      -0.13202765987869491     
  5.50380458879414121E-004 -0.99999984854066382      -0.71335491751323554      -0.29975758651462348     
  0.16189570046260229      -0.98680787500491873      -0.71975393152564260      -0.51490330158462172     
  0.32686078190123896      -0.94507249947023153      -0.65847512319777812      -0.77444672731754371     
  0.48751041777558168      -0.87311717000656786      -0.49509676263234814       -1.0588135054867760     
  0.63472035540485139      -0.77274191709440687      -0.20008447168529531       -1.3232879194111891     
  0.76006422250646832      -0.64984796503923736       0.23061769852740677       -1.4981912789437493     
  0.85804373877682061      -0.51357661779513986       0.75475943134279644       -1.5082284924919476     
  0.92746093294228271      -0.37392006881930079        1.2830109982257694       -1.3085773060335153     
  0.97107870229758020      -0.23875961539600379        1.7094922587890631      -0.91310775959868451     
  0.99375121007328515      -0.11161779642100707        1.9544354626003901      -0.38926103323119432     
  0.99996334363717176       8.56220660621541396E-003   1.9862992155356283       0.17330912708217383     
  0.99221313856357363       0.12455154620406192        1.8174396714159955       0.68935343136059257     
  0.97143868901671815       0.23729069404736444        1.4928733046902256        1.0905819348188970     
  0.93844976106626365       0.34541575811574182        1.0782705437156896        1.3355925851215560     
  0.89467259999891247       0.44672244046072490       0.64387999102073268        1.4147632801373977     
  0.84210065787340638       0.53932038901674784       0.25016493976448040        1.3453055660683297     
  0.78293716280498526       0.62210079496724646      -5.93336978822097683E-002   1.1611553350995523     
  0.71923027712605792       0.69477176717622446      -0.25867888130575833       0.90380209477290796     
  0.65262118202104225       0.75768436223631908      -0.33735387529520555       0.61644206725463913     
  0.58423813837308369       0.81158228028361579      -0.29799193102884713       0.34076373281223127     
  0.51474698827404430       0.85734213594270570      -0.15494243654114681       0.11470085356560911     
  0.44456287807411327       0.89574764718555699       6.67519009568744437E-002 -3.01351021783768935E-002
  0.37412503263379659       0.92737827231219983       0.33299716562838078      -7.17756190156499940E-002
  0.30398462216482441       0.95267693867717240       0.60394950151725202      -1.27330696202421212E-003
  0.23464031148582121       0.97208226206727832       0.83913777179707061       0.17547519426204639     
  0.16636495325839262       0.98606424857984420        1.0032026948322788       0.43861325143259455     
  9.91688768836256757E-002  0.99507061752301795        1.0705898758565120       0.75770751433610850     
  3.28557394673943542E-002  0.99946010444842204        1.0281351148689002        1.0965114563214813     
 -3.28920552082466941E-002  0.99945890996287468       0.87540352718835268        1.4177878893544804     
 -9.84252212657258790E-002  0.99514444972516070       0.62339627835108169        1.6872237245853050     
 -0.16404439765003495       0.98645295660747923       0.29253259073551674        1.8761368632152022     
 -0.22993198779718810       0.97320670003223553      -8.94130714947663496E-002   1.9632846940110902     
 -0.29613152611628180       0.95514717150816186      -0.48930531913011727        1.9363117273766706     
 -0.36262041458566180       0.93193692647395554      -0.87096005427931766        1.7930935967239887     
 -0.42942999067420029       0.90310015120669551       -1.1980694747708303        1.5427823719129354     
 -0.49663476475327484       0.86795962488957945       -1.4376399572104333        1.2063517462054669     
 -0.56416656373674023       0.82566100087231842       -1.5641231871738268       0.81634696606990031     
 -0.63161124890755316       0.77528525734302522       -1.5643572131684411       0.41475097859130050     
 -0.69809222571728835       0.71600785218674978       -1.4420586098238859       4.77908071187911343E-002
 -0.76225253569786078       0.64727974773059416       -1.2194891270643100      -0.24206534812117408     
 -0.82233850706206024       0.56899857627496919      -0.93444409364448100      -0.42469772413930296     
 -0.87638929544651401       0.48160336671036974      -0.63279288603409389      -0.48827332097800680     
 -0.92250276497786443       0.38599047735429315      -0.35913667772761082      -0.44021691291544995     
 -0.95907338670353814       0.28315762203586481      -0.14908150711373835      -0.30328347048629400     
 -0.98481270083878480       0.17362011480994421      -2.55908942315631327E-002 -0.10903431329826335     
 -0.99837702234749681       5.69501646050817670E-002  3.11554624404242197E-004  0.10814710031259619     
 -0.99768411752838604      -6.80176567635614182E-002 -7.35749501400632111E-002  0.31411091681980824     
 -0.97935289439610229      -0.20215812681655129      -0.24309317035627831       0.47454093388680307     
 -0.93873268831539358      -0.34464610818657754      -0.49694942585939311       0.55247570573488347     
 -0.87076836327913776      -0.49169345888690807      -0.81107863255688351       0.50652351955330299     
 -0.77178351971398851      -0.63588536600387924       -1.1377872173225638       0.29472803027668715     
 -0.64191190470872050      -0.76677839470946396       -1.3943194100620424      -0.10808047768832241     
 -0.48706351372334650      -0.87336655168346555       -1.4672800400947008      -0.67543837928631478     
 -0.31854320551945858      -0.94790834273013336       -1.2559461294180667       -1.2961550344105288     
 -0.14898204957239636      -0.98883990054265514      -0.74574607934451453       -1.7912566830005887     
  1.46882870850794031E-002 -0.99989212129234539      -4.25158886467779523E-002  -1.9982546217293553     
  0.17577922026012041      -0.98442961440864019       0.67701454256533311       -1.8497406288269183     
  0.33976550372553338      -0.94051018201725733        1.2322864552081993       -1.3915161145330910     
  0.50289388656314415      -0.86434815835831769        1.4984780274050127      -0.77047474090609913     
  0.65393621203933594      -0.75654968811284606        1.4647618603668855      -0.17126192297999354     
  0.78147601185237092      -0.62393528742916371        1.2207669399419330       0.27440956868023225     
  0.87879788673330561      -0.47719416831419498       0.88518562920841826       0.52278542985072352     
  0.94499902976236594      -0.32707313210991074       0.55163477569210095       0.59230957580869270     
  0.98337721869147465      -0.18157435325127699       0.27636386574185856       0.52562584382939515     
  0.99898586064979755      -4.50249955223019152E-002  8.80257107844618636E-002  0.36746937456937001     
  0.99667853684745844       8.14364426261944135E-002 -3.70968592093845473E-004  0.15819765485440393     
  0.98007077725186964       0.19864861332744335       1.55138650936880174E-002 -6.52262873506504748E-002
  0.95139653775897481       0.30796855024537090       0.13303671262764838      -0.26673763260898548     
  0.91204104468877367       0.41009893050703056       0.34053218845770505      -0.41049696714872524     
  0.86326966933252158       0.50474298213102364       0.61421798594460075      -0.46374721348359527     
  0.80665267713243050       0.59102576802968820       0.91736450272878767      -0.40282678223776558     
  0.74406611804145728       0.66810598858468262        1.2039226524340114      -0.21988723648883657     
  0.67745460180654482       0.73556458757279497        1.4264322736158599       7.29693513002286354E-002
  0.60856151362819855       0.79350670074710516        1.5457110638847875       0.44457874191624130     
  0.53873652347948409       0.84247430718642058        1.5387019415560348       0.85079071572551079     
  0.46884945173953646       0.88327809414902625        1.4017530603545072        1.2434042623639523     
  0.39930387221613944       0.91681863944468156        1.1489963064708471        1.5786050506237348     
  0.33014578009215123       0.94392995708757166       0.80768703568055822        1.8225392839280325     
  0.26125906227719292       0.96526872029401312       0.41298013817042711        1.9536920684246608     
  0.19255389139500992       0.98128640004263723       3.50907529114913297E-003   1.9632548605871993     
  0.12399405030870345       0.99228296140165717      -0.38232141142512621        1.8546312977537713     
  5.54971453975464726E-002  0.99845884584830213      -0.70957277456266221        1.6424060622970416     
 -1.31239728322647079E-002  0.99991387695995992      -0.94949793837249274        1.3509178607813230     
 -8.21336836468993248E-002  0.99662132127031633       -1.0820074517645779        1.0125099281996441     
 -0.15180227015691611       0.98841088155443058       -1.0981007391013053       0.66511657651101563     
 -0.22232178555950929       0.97497334510520417       -1.0019227737607321       0.34869680938342185     
 -0.29372241857010939       0.95589075779051524      -0.81158705578150647       0.10042818261500941     
 -0.36580573511868242       0.93069122922389269      -0.55785982512514942      -5.06931126686137601E-002
 -0.43813401677742803       0.89890966361613689      -0.28035504337339390      -8.85647894972432237E-002
 -0.51013407938828326       0.86009489072233691      -2.18487140994615414E-002 -1.25891311577258636E-002
 -0.58128828174538638       0.81369769171695228       0.17775512597171084       0.16265767359117189     
 -0.65117872727009329       0.75892441333172400       0.28606175152139290       0.41024076743661497     
 -0.71923372861459334       0.69476819416489510       0.28076622703654064       0.69447037252343935     
 -0.78440426823992260       0.62024990444738615       0.15099373633280710       0.97384652920694981     
 -0.84501443422785127       0.53474349546916822      -0.10128764392619194        1.2032271986269878     
 -0.89882562569098068       0.43830639352080769      -0.45880705146977890        1.3362950651310572     
 -0.94329496879485075       0.33195572271964446      -0.88559890787973961        1.3302899175436420     
 -0.97599944843129682       0.21777299341700840       -1.3249281463164331        1.1549222685019243     
 -0.99512361700803342       9.86356267930038888E-002  -1.7030368211582769       0.80493506427666484     
 -0.99974218504392720      -2.27060221878276659E-002  -1.9425286960424861       0.31069103040736845     
 -0.98938370286622079      -0.14532683338848951       -1.9825498907127985      -0.26203554479554902     
 -0.96250931294555120      -0.27124863592852039       -1.7957185116531953      -0.82420652870966693     
 -0.91522096297707722      -0.40295234076415459       -1.3993391769463326       -1.2779549435621225     
 -0.84238533031837481      -0.53887563988772269      -0.86417066493943728       -1.5386383113230231     
 -0.74046217477386889      -0.67209803431430482      -0.30196918602028339       -1.5708326440929357     
 -0.60995513002747725      -0.79243595283982626       0.17841884681315312       -1.4076322407353965     
 -0.45623969687740701      -0.88985692051768173       0.51484925771211065       -1.1285748341191497     
 -0.28833376631613233      -0.95752996778270805       0.70166887046139248      -0.81648111392863221     
 -0.11637318704150720      -0.99320555845091929       0.76893891791581725      -0.52820827155987604     
  5.07423120432568819E-002 -0.99871177912774456       0.75636243115490920      -0.29012145495950015     
  0.20658340503990263      -0.97842899423622942       0.69775830480878442      -0.10736802172223314     
  0.34731947743926583      -0.93774686381310568       0.61655677938047171       2.53270041967266213E-002
  0.47124338494803003      -0.88200321549454841       0.52704814573821401       0.11643848469287388     
  0.57814551195684349      -0.81593367806713268       0.43720903871674510       0.17408496342940150     
  0.66876598200481052      -0.74347297281955149       0.35123455293843026       0.20477477516357045     
  0.74438719446898349      -0.66774823452450693       0.27131333787856249       0.21327453828597254     
  0.80655440537908496      -0.59115986937848775       0.19872960731247058       0.20291129547720665     
  0.85689306290580369      -0.51549420825447723       0.13449406838526523       0.17598225028602510     
  0.89699431440703992      -0.44204207935607714       7.96761602317879181E-002  0.13414455260926011     
  0.92834778494686176      -0.37171277915112816       3.55519581622366632E-002  7.87487748975583268E-002
  0.95230759913724172      -0.30513970017921715       3.63292038060536449E-003  1.11139225446860168E-002
  0.97008241839382103      -0.24277582565650038      -1.43926826130185148E-002 -6.72515381702008808E-002
  0.98274296654650517      -0.18497638147443207      -1.67920349766652599E-002 -0.15448407539444334     
  0.99124123856516566      -0.13206364741213322      -1.98426415567487524E-003 -0.24826649051389943     
  0.99643471400479711      -8.43674150734639722E-002  3.12171487548714710E-002 -0.34581540556680407     
  0.99910764092389159      -4.22364989966738866E-002  8.33518715123359177E-002 -0.44397194775549276     
  0.99998186010633539      -6.02324316905074233E-003  0.15410227264261611      -0.53939714908516145     
  0.99971319415934368       2.39484743506219420E-002  0.24217950204594840      -0.62884759281970626     
  0.99887522269797679       4.74161310111584217E-002  0.34534207926091032      -0.70948176859569534     
  0.99793713076754154       6.41987775229926338E-002  0.46054912934967351      -0.77913634918056729     
  0.99724348527451834       7.41985921532979098E-002  0.58421584426375961      -0.83651989770022850     
  0.99700122184307760       7.73858103492518629E-002  0.71251708423813254      -0.88129493705896156     
  0.99727501437028809       7.37736112220465506E-002  0.84168159589952574      -0.91404757104151590     
  0.99798882956775670       6.33900312192618998E-002  0.96823102500970537      -0.93616710725151342     
  0.99892979811208071       4.62521182623854069E-002   1.0891373717125556      -0.94967086754782015     
  0.99975031228856226       2.23453144735593252E-002   1.2018923380357183      -0.95701090336897621     
  0.99996480070913918      -8.39031243348775137E-003   1.3044971328503598      -0.96089231173880640     
  0.99893842733503857      -4.60653708701006526E-002   1.3953898485250051      -0.96412107214124676     
  0.99586597718602166      -9.08347702332660406E-002   1.4733303237420945      -0.96948589426815979     
  0.98974102980543421      -0.14287299926745664        1.5372621188336173      -0.97966488323227652     
  0.97931970809674063      -0.20231883089152813        1.5861716983245291      -0.99713369106751404     
  0.96309256142104516      -0.26917042581875600        1.6189707654890750       -1.0240371567246132     
  0.93929569671646407      -0.34310872056817843        1.6344428750399287       -1.0619761634732841     
  0.90601671575973552      -0.42324190572761416        1.6313169426258920       -1.1116746046226491     
  0.86146286369383662      -0.50782057311260465        1.6085333134352049       -1.1725654438135600     
  0.80440892419928944      -0.59407599065148375        1.5656981902016278       -1.2424884006727763     
  0.73469392679048962      -0.67839872784165123        1.5035525646589429       -1.3178175225099551     
  0.65348530095118118      -0.75693920590807307        1.4241436762848112       -1.3941877198554420     
  0.56309978560499929      -0.82638891053280950        1.3305177514049613       -1.4675360588283068     
  0.46647680057381224      -0.88453343324400113        1.2261056104876848       -1.5348903130790910     
  0.36661291907776644      -0.93037356344926259        1.1141563062840005       -1.5945865445360752     
  0.26618586244604914      -0.96392172225438155       0.99742931545224034       -1.6460382903243722     
  0.16739972257839203      -0.98588910780101302       0.87813158313883966       -1.6893521291349596     
  7.19748946894473857E-002 -0.99740644400086109       0.75799090959114424       -1.7249928837442052     
 -1.87983198917994476E-002 -0.99982329597246611       0.63837342833874366       -1.7535641621377627     
 -0.10399087535074807      -0.99457825124209565       0.52039636675558965       -1.7756932055829031     
 -0.18297111184523820      -0.98311829004963458       0.40501790700363893       -1.7919872001414583     
 -0.25535078349723123      -0.96684847694318166       0.29310072002932169       -1.8030308423871459     
 -0.32093986331018987      -0.94709957456353899       0.18545143258420838       -1.8094033814914638     
 -0.37970759138969007      -0.92510655874933678       8.28402163488888288E-002  -1.8117008997848718     
 -0.43174764091921303      -0.90199444264401885      -1.39946577923726889E-002  -1.8105550873390364     
 -0.47724614718431191      -0.87876965980723876      -0.10435228137638441       -1.8066436624836901     
 -0.51645212281484854      -0.85631606597099219      -0.18757975427605939       -1.8006904436473916     
 -0.54965029381117558      -0.83539484946538212      -0.26308376990099142       -1.7934551958810105     
 -0.57713663169563678      -0.81664760353227939      -0.33033985550582823       -1.7857148619113445     
 -0.59919689126712006      -0.80060170215645876      -0.38889719166832670       -1.7782386676751820     
 -0.61608837348833778      -0.78767703791115717      -0.43837820086675716       -1.7717599076669557     
 -0.62802499494459663      -0.77819316735938981      -0.47847322774560930       -1.7669470644074166     
 -0.63516561659951776      -0.77237597029539595      -0.50893149217876954       -1.7643764470249825     
 -0.63760550105741054      -0.77036304754403195      -0.52955001400882429       -1.7645079120978315     
 -0.63537074546387318      -0.77220723630945221      -0.54016239065096849       -1.7676646031382983     
 -0.62841557808974879      -0.77787779323883954      -0.54062921281804399       -1.7740171178678710     
 -0.61662250296280685      -0.78725897190180261      -0.53083161305700588       -1.7835721371310747     
 -0.59980541670558774      -0.80014590050229983      -0.51066904502173216       -1.7961653316596631     
 -0.57771599211563074      -0.81623785286756489      -0.48006196881751001       -1.8114582765595679     
 -0.55005381199385428      -0.83512921390107631      -0.43895973751729117       -1.8289391085067779     
 -0.51648093362043423      -0.85629868924725361      -0.38735369957748444       -1.8479267230524790     
 -0.47664175859372576      -0.87909762482029286      -0.32529540077537616       -1.8675784187536499     
 -0.43018926047287476      -0.90273872198648986      -0.25291982719365741       -1.8869010805558801     
 -0.37681875763051564      -0.92628700946185938      -0.17047389660225717       -1.9047663389968417     
 -0.31631045423566267      -0.94865573130679437      -7.83508502498104220E-002  -1.9199307834268908     
 -0.24858178560758309      -0.96861091046103009       2.28683078393806527E-002  -1.9310634270911415     
 -0.17374994601994767      -0.98478980308391961       0.13236494375702060       -1.9367843798840370     
 -9.22033886364925920E-002 -0.99574019459091234       0.24902376164835927       -1.9357210624326355     
 -4.67783975380427729E-003 -0.99998905884776446       0.37136641556336925       -1.9265907629488050     
  8.76734198675237081E-002 -0.99614927167003087       0.49748539234369560       -1.9083192926722501     
  0.18323398124784712      -0.98306933026926624       0.62499592035644258       -1.8802016444543108     
  0.27993236986882175      -0.96001972287012161       0.75103686242993972       -1.8420971327887363     
  0.37533762381014590      -0.92688816377843197       0.87236107153845088       -1.7946252739726825     
  0.46686487714375358      -0.88432866429260781       0.98554754919689425       -1.7392954973989068     
  0.55207621027365905      -0.83379365435932329        1.0873279933317088       -1.6784862189845711     
  0.62900751442071912      -0.77739921970778236        1.1749552087293322       -1.6152184812905590     
  0.69641607566244601      -0.71763824421425471        1.2464916719359405       -1.5527531095976697     
  0.75386449773570807      -0.65702992249492609        1.3009136092201596       -1.4941304359484016     
  0.80162986283959636      -0.59782067796603511        1.3380104698647055       -1.4417968887725809     
  0.84049981688772757      -0.54181182878532319        1.3581501843884021       -1.3974040780643922     
  0.87154197186051752      -0.49032090643320619        1.3620157205282601       -1.3617768731164415     
  0.89590994717052486      -0.44423571058719197        1.3503938688076511       -1.3349906516194259     
  0.91471052310206957      -0.40410971149718511        1.3240503732773328       -1.3164916967744555     
  0.92892785918061926      -0.37026076275796704        1.2836893261374871       -1.3052176075174517     
  0.93938888752756167      -0.34285349347750582        1.2299780927001633       -1.2997013987566863     
  0.94675351777472483      -0.32195927783057249        1.1636158098191391       -1.2981614834669064     
  0.95151745314606784      -0.30759475996580393        1.0854253635983491       -1.2985885397234287     
  0.95402015080327307      -0.29974247590440045       0.99645070036738903       -1.2988418946129128     
  0.95445422343781139      -0.29835739535282924       0.89804189167002524       -1.2967649518268982     
  0.95287515865122230      -0.30336270704456741       0.79191029194822937       -1.2903228438724372     
  0.94921184898912891      -0.31463767374336954       0.68013714864813579       -1.2777569839206731     
  0.94327931526566500      -0.33200020089141230       0.56512302505660417       -1.2577419684353210     
  0.93479529525210037      -0.35518693103004023       0.44947353555793401       -1.2295225585595135     
  0.92340209270581697      -0.38383404641396496       0.33582881134155440       -1.1930050042633140     
  0.90869426362451111      -0.41746225608539445       0.22665748840244382       -1.1487801331024157     
  0.89025147767132351      -0.45546932553578739       0.12404691795562606       -1.0980660674127396     
  0.86767451508664550      -0.49713271454326419       2.95255908369934650E-002  -1.0425741694943442     
  0.84062125824144784      -0.54162339332100962      -5.60510034397351253E-002 -0.98431838440578812     
  0.80883911029025768      -0.58803001085392259      -0.13253294744296207      -0.92540020651311772     
  0.77219069383237859      -0.63539085007471552      -0.20042619080748958      -0.86780512612814009     
  0.73067077336909048      -0.68272997659705492      -0.26077609725021511      -0.81324090617456590     
  0.68441365790249387      -0.72909392047700416      -0.31501014251960036      -0.76303603517037522     
  0.63369140507850363      -0.77358593777914020      -0.36476821313715446      -0.71810268992321236     
  0.57890372982086791      -0.81539589868939588      -0.41174471937565293      -0.67895671771659671     
  0.52056069763035417      -0.85382466589025119      -0.45755860644698743      -0.64577989428746174     
  0.45925932962464555      -0.88830223919154971      -0.50365846857448371      -0.61850729129344528     
  0.39565542232803014      -0.91839903461536154      -0.55126256888947855      -0.59692381331736155     
  0.33043227885634080      -0.94382970343690997      -0.60132860811488187      -0.58075719069241649     
  0.26426854591725385      -0.96444913584842840      -0.65454554446653335      -0.56975853890923900     
  0.19780771613370368      -0.98024084154761071      -0.71133912943363731      -0.56376513613977608     
  0.13163185787102791      -0.99129867042855535      -0.77188347694966597      -0.56274291006142474     
  6.62416687943676169E-002 -0.99780360859005579      -0.83611242001526132      -0.56680813482200754     
  2.04408518405088712E-003 -0.99999791085569789      -0.90372627095403590      -0.57622903287917238     
 -6.06523655448588106E-002 -0.99815895054535919      -0.97419165293448606      -0.59140844913736834     
 -0.12163523272484449      -0.99257486879326784       -1.0467341622435318      -0.61284869033913625     
 -0.18078022590882503      -0.98352351772611635       -1.1203256666691530      -0.64109927099922193     
 -0.23803930802106693      -0.97125552139323856       -1.1936699917097728      -0.67668804798068349     
 -0.29342615840926917      -0.95598174122792667       -1.2651925146350282      -0.72003651684796321     
 -0.34699975903834424      -0.93786521804965717       -1.3330405714855698      -0.77136141572545991     
 -0.39884592101052102      -0.91701795581835210       -1.3951021009756364      -0.83056783215553864     
 -0.44905527080811014      -0.89350398083022264       -1.4490486445583115      -0.89714437307424055     
 -0.49769445320923178      -0.86735242620561326       -1.4924040656457813      -0.97007918477575972     
 -0.54476514696976497      -0.83858865640253588       -1.5226299209811076       -1.0478265204418764     
 -0.59014417754452553      -0.80729786925910785       -1.5372010482357936       -1.1283637249281013     
 -0.63350293343115283      -0.77374028803864436       -1.5336272619583915       -1.2093733827334663     
 -0.67422932788435230      -0.73852204667201005       -1.5093921675226869       -1.2885248023807734     
 -0.71143240256453977      -0.70275453508408370       -1.4618979692140277       -1.3636640850782287     
 -0.74414166310126439      -0.66802184488000416       -1.3887118990465859       -1.4325669455335839     
 -0.77166636998457427      -0.63602752568959631       -1.2883506383721715       -1.4922035396030751     
 -0.79383398932845051      -0.60813452244291921       -1.1612615866514213       -1.5381866504042871     
 -0.81091745833058315      -0.58516055555263369       -1.0103584636834428       -1.5650703908863957     
 -0.82339731278592754      -0.56746529876012097      -0.84096060766785352       -1.5673110522005658     
 -0.83176787827823695      -0.55512358683857055      -0.66038541674794249       -1.5403281604575816     
 -0.83644457437105857      -0.54805152495474252      -0.47736148161808145       -1.4813571193336452     
 -0.83774003127048435      -0.54606926301242031      -0.30129584319231195       -1.3900050621566149     
 -0.83587241298330583      -0.54892377359107503      -0.14142971389084324       -1.2684717828838361     
 -0.83098552421529148      -0.55629403964507584      -5.97608759586698568E-003  -1.1214129912728723     
 -0.82317075039380871      -0.56779390248231254       9.86257867367015262E-002 -0.95546792035583461     
 -0.81248419590236032      -0.58298321709024781       0.16820850248562491      -0.77853840451439238     
 -0.79895189224951213      -0.60139494001107463       0.20104514770481474      -0.59896181802801729     
 -0.78255529371408672      -0.62258108891939490       0.19767928680610714      -0.42474234864742583     
 -0.76319289995337491      -0.64617071851079555       0.16047945845297784      -0.26298750604442694     
 -0.74062569193306904      -0.67191784054946979       9.30380913746698957E-002 -0.11964553778476716     
 -0.71443110098373808      -0.69970579670827637      -4.29175402648973581E-004  4.37938725025177611E-004
 -0.68399699195631525      -0.72948482848837404      -0.11552364132190374       9.32168486817198660E-002
 -0.64856995327683264      -0.76115505365627512      -0.24783064436020313       0.15503706936652306     
 -0.60734471280671332      -0.79443841789387981      -0.39278824701234738       0.18227316849476904     
 -0.55957211027564924      -0.82878166811389875      -0.54530191905904546       0.17111650752332164     
 -0.50467430221102105      -0.86330982195722694      -0.69917061375195355       0.11759342750062485     
 -0.44236659696629926      -0.89683431796985547      -0.84639913053822835       1.79102976554282867E-002
 -0.37278262510377685      -0.92791870032925672      -0.97652819596705065      -0.13074162736304329     
 -0.29658643545258057      -0.95500601375359528       -1.0762436664016535      -0.32879949651760865     
 -0.21504033971155709      -0.97660516704384592       -1.1296991237847798      -0.57237836348216509     
 -0.12999016786986634      -0.99151528291658919       -1.1200847267727982      -0.85111313040171976     
 -4.37379955129421211E-002 -0.99904303598419120       -1.0327844964728545       -1.1466473006209359     
  4.12019290222950668E-002 -0.99915083998605625      -0.85978323423081682       -1.4330007398336457     
  0.12243578505561098      -0.99247643727083834      -0.60392322066156057       -1.6797919360147280     
  0.19806356632505395      -0.98018917750330270      -0.28085040419111723       -1.8580510167721229     
  0.26704845700727647      -0.96368310227482601       8.30155994772761585E-002  -1.9466031943216529     
  0.32951964554684349      -0.94414871879311613       0.45612036974108089       -1.9361024760991181     
  0.38680200195505526      -0.92216279001245838       0.80816731287513188       -1.8290537838773369     
  0.44082564624202863      -0.89759275265306027        1.1138300270700860       -1.6372312477209165     
  0.49307698057657606      -0.86998568449457081        1.3535848106630819       -1.3794228978583114     
  0.54398497549128788      -0.83909495674788970        1.5145920577172376       -1.0797646306431035     
  0.59309574077597793      -0.80513194090993190        1.5922858298707769      -0.76489308090212438     
  0.63955021150343261      -0.76874932648160066        1.5907021743056542      -0.46002624075997672     
  0.68246625505667435      -0.73091710248763386        1.5207196185590819      -0.18563616702692964     
  0.72115047663903542      -0.69277845668243176        1.3971077024227037       4.41624018068007551E-002
  0.75518032920394218      -0.65551710151866027        1.2356502848388393       0.22149408525845271     
  0.78440413008696375      -0.62025007916364960        1.0511228012573499       0.34352435007231197     
  0.80889553207103904      -0.58795239449764181       0.85628842267515859       0.41092393114041537     
  0.82888912782424917      -0.55941291884864042       0.66169192191415815       0.42651055401112403     
  0.84471564086160000      -0.53521536420750904       0.47591158657981220       0.39429180066284097     
  0.85674794476549310      -0.51573535765943324       0.30597763609911921       0.31892149823497995     
  0.86536252988398388      -0.50114637769098080       0.15777226817469647       0.20547659216931335     
  0.87091381037363891      -0.49143578919373526       3.63246765507221347E-002  5.94371341785371876E-002
  0.87371107597429221      -0.48644522376095400      -5.40314882712290556E-002 -0.11322446537907510     
  0.87398788739358524      -0.48594770571461476      -0.10967116259506260      -0.30590639552322879     
  0.87186932019695307      -0.48973859200526859      -0.12789906931644235      -0.51125991468282861     
  0.86735472813760839      -0.49769044151694886      -0.10734810052104427      -0.72119524192360951     
  0.86032006075136491      -0.50975424772018119      -4.84269400451010634E-002 -0.92710169115721475     
  0.85052596276462678      -0.52593306291134123       4.63284621617470194E-002  -1.1202952252535290     
  0.83761865240453637      -0.54625542848012820       0.17209724094223477       -1.2926341868094537     
  0.82111939987389704      -0.57075645519847706       0.32185828303171216       -1.4372080333085837     
  0.80040426303039347      -0.59946060397892087       0.48672890306240146       -1.5489908923578386     
  0.77468146681751626      -0.63235166242326069       0.65654235387602866       -1.6253487167962324     
  0.74299008539932543      -0.66930242267475992       0.82064620523019083       -1.6662826266170518     
  0.70428809019631866      -0.70991428074636032       0.96894910504102172       -1.6742557903897914     
  0.65777282657514469      -0.75321637569781008        1.0933015997570652       -1.6533911852379632     
  0.60352953482656146      -0.79734064275693006        1.1890385314267728       -1.6080065510694812     
  0.54305672848825215      -0.83969601025825813        1.2555162108522770       -1.5414092608026566     
  0.47875532885615441      -0.87794836698511802        1.2944538730915647       -1.4564255790965654     
  0.41271072406444353      -0.91086215106469470        1.3077413500855757       -1.3568668354394449     
  0.34609345421996229      -0.93820004313903915        1.2969651495344601       -1.2477852802704843     
  0.27932348461370032      -0.96019705839127623        1.2640018778621327       -1.1345772805200640     
  0.21240488218510667      -0.97718174666943658        1.2113973921718071       -1.0220589679567709     
  0.14515782572507405      -0.98940851301713040        1.1423071462882239      -0.91395500083613024     
  7.73463773051730752E-002 -0.99700428179510137        1.0602246193410136      -0.81274804354918617     
  8.74988452991565940E-003 -0.99996171902764019       0.96868787067169537      -0.71974918761252971     
 -6.07886967714030488E-002 -0.99815065713790641       0.87105082508853582      -0.63528001145291790     
 -0.13132030213039306      -0.99133999124840222       0.77034061321988567      -0.55889624493022794     
 -0.20274599250098407      -0.97923136312354242       0.66919105652130217      -0.48961336657694143     
 -0.27477221653233835      -0.96150934941991373       0.56983044152355555      -0.42611570918413466     
 -0.34687249136430859      -0.93791229586497993       0.47409948352811609      -0.36694380598026488     
 -0.41826980201848174      -0.90832283507540434       0.38347801559169525      -0.31066035762068045     
 -0.48795788941772383      -0.87286717096875654       0.29910476671693170      -0.25599410840380632     
 -0.55477546398402489      -0.83200011091424131       0.22178332433354775      -0.20195531227945895     
 -0.61753202120491824      -0.78654574106441411       0.15197796929321994      -0.14791096709453755     
 -0.67516145473668654      -0.73766998721504262       8.98121193028321718E-002 -9.36083201200315074E-002
 -0.72686264066454898      -0.68678286350647877       3.50848179364308121E-002 -3.91440209935329797E-002
 -0.77218731048852474      -0.63539496183122091      -1.26852757672510918E-002  1.51099645561549867E-002
 -0.81105585759143339      -0.58496871357930291      -5.41904133533022137E-002  6.86020165778976621E-002
 -0.84370861760319760      -0.53680142378918971      -9.02508848214043091E-002  0.12069492214082356     
 -0.87061833675485145      -0.49195905490824754      -0.12173430184704337       0.17074201062598027     
 -0.89239266100918857      -0.45125972408020132      -0.14948929701666536       0.21813895516004977     
 -0.90968755656472844      -0.41529332938453761      -0.17429938431361147       0.26235277007532171     
 -0.92314142404015531      -0.38446054572753507      -0.19685675281649972       0.30293350163216270     
 -0.93333085763043433      -0.35901742324689201      -0.21775220655934280       0.33951474790292480     
 -0.94074424630452791      -0.33911688699462578      -0.23747632465092328       0.37180802491451487     
 -0.94576797441481408      -0.32484294446901496      -0.25642733446868449       0.39959441108262994     
 -0.94868041450990459      -0.31623641650720058      -0.27492227264055080       0.42271552121592071     
 -0.94965005095429245      -0.31331259266507272      -0.29320917010808745       0.44106487913128101     
 -0.94873527043760664      -0.31607180612588859      -0.31147897010974102       0.45458013067336522     
 -0.94588434051891745      -0.32450395122570180      -0.32987660403172414       0.46323615095770526     
 -0.94093482732160105      -0.33858772974410750      -0.34851113595887406       0.46703884002141377     
 -0.93361222997488369      -0.35828508766249950      -0.36746519458498705       0.46601918523630764     
 -0.92352800903311560      -0.38353098509941752      -0.38680408516595455       0.46022693607740783     
 -0.91017753056802420      -0.41421837579843473      -0.40658503564528903       0.44972294110769334     
 -0.89293879342415794      -0.45017808831417921      -0.42686696975481087       0.43456879932178699     
 -0.87107319255971927      -0.49115322782591814      -0.44772096510060971       0.41481194341711064     
 -0.84373001432988837      -0.53676779236359395      -0.46924104091208857       0.39046357508925622     
 -0.80995685390297334      -0.58648946692638693      -0.49155394797648488       0.36146601172098491     
 -0.76871865707263987      -0.63958707481345900      -0.51482491877890846       0.32764504296139763     
 -0.71892855789205745      -0.69508397237114206      -0.53925346044926392       0.28864203590500526     
 -0.65949403320959588      -0.75170979783486958      -0.56504866019207822       0.24382024767635557     
 -0.58938205906381147      -0.80785443518848243      -0.59236640979856292       0.19214111162694814     
 -0.50770691070677054      -0.86152985602391474      -0.62118075527961292       0.13201112783022828     
 -0.41384402602294146      -0.91034780283423711      -0.65104810978984984       6.11120381495791065E-002
 -0.30757290448760383      -0.95152451803674476      -0.68070818636510277      -2.37475720965045767E-002
 -0.18925078549555796      -0.98192878570154685      -0.70745640287578271      -0.12667271988524409     
 -6.00148405554486522E-002 -0.99819748492625648      -0.72623855522516145      -0.25244554090486193     
  7.80009162817798252E-002 -0.99695328730046462      -0.72850227082445740      -0.40572354414854772     
  0.22147447958617389      -0.97516616783604293      -0.70106528031077375      -0.58926411885303742     
  0.36581798374549052      -0.93068641484034997      -0.62570897098528855      -0.80078530613720056     
  0.50535416849198034      -0.86291202586809457      -0.48083359270544646       -1.0285432417194764     
  0.63389319252975573      -0.77342059738827362      -0.24684789176128985       -1.2470186785096327     
  0.74572885646972031      -0.66624955731945013       8.41250772337975850E-002  -1.4161031692336319     
  0.83680317104780955      -0.54750383827360549       0.49718763557895795       -1.4880681837961247     
  0.90555252464288927      -0.42423416306668366       0.94960298218962980       -1.4232634705396541     
  0.95301143412132283      -0.30293432693245498        1.3787720198886972       -1.2077701814425548     
  0.98212869925917645      -0.18821056849039652        1.7216982448869929      -0.86129071764045506     
  0.99662829248488272      -8.20490500777859705E-002   1.9343615663567819      -0.42940521753921146     
  0.99987130779083200       1.60426885730347545E-002   1.9997256352772363       3.31108989862591227E-002
  0.99417039994266054       0.10782029436915114        1.9240626738730280       0.47565226536217192     
  0.98087858489164514       0.19462066103310752        1.7297754575705779       0.85730721898619777     
  0.96097676580070401       0.27662909389870549        1.4494541028015813        1.1492056757736329     
  0.93551087536191868       0.35329789424730024        1.1200767798171432        1.3361180339028860     
