   1.2773098867336721        1.9452313410436262       2.50000000000000014E-002
   1.3239752886351555        1.7876615009708012       5.00000000000000028E-002
   1.3666780564063701        1.6282998104341557       7.49999999999999972E-002
   1.4053790099927725        1.4675827516367761       0.10000000000000001     
   1.4400489381198871        1.3058721219002551       0.12500000000000000     
   1.4706667947477507        1.1434603152431131       0.14999999999999999     
   1.4972180408683364       0.98057661648894578       0.17499999999999999     
   1.5196931532963884       0.81739422374579185       0.20000000000000001     
   1.5380863156714166       0.65403776885342380       0.22500000000000001     
   1.5523943017878539       0.49059115761689925       0.25000000000000000     
   1.5626155575246063       0.32710559942222406       0.27500000000000002     
   1.5687494849174053       0.16360773723773908       0.29999999999999999     
   1.5707959301323235       1.07822872962098915E-004  0.32500000000000001     
   1.5687548760591765      -0.16339209194225690       0.34999999999999998     
   1.5626263397406031      -0.32688996088049294       0.37500000000000000     
   1.5524104746728256      -0.49037554833808200       0.40000000000000002     
   1.5381078779422079      -0.65382223834601993       0.42499999999999999     
   1.5197201019822204      -0.81717885927561518       0.45000000000000001     
   1.4972503702330586      -0.98036155374773137       0.47499999999999998     
   1.4707044949473775       -1.1432457488345475       0.50000000000000000     
   1.4400919936016590       -1.3056583155004371       0.52500000000000002     
   1.4054273976462890       -1.4673700476270088       0.55000000000000004     
   1.3667317434832140       -1.6280886387375566       0.57499999999999996     
   1.3240342304610273       -1.7874523867535970       0.59999999999999998     
   1.2773740242464240       -1.9450249108717839       0.62500000000000000     
   1.2268021761782104       -2.1002912158514189       0.65000000000000002     
   1.1723836202639732       -2.2526554822609262       0.67500000000000004     
   1.1141991996194123       -2.4014409898909226       0.69999999999999996     
   1.0523476638353710       -2.5458925879390963       0.72499999999999998     
  0.98694756864563415       -2.6851821015900481       0.75000000000000000     
  0.91813900021716466       -2.8184170025749578       0.77500000000000002     
  0.84608503942498958       -2.9446525652050282       0.80000000000000004     
  0.77097287775119494       -3.0629075764149554       0.82499999999999996     
  0.69301449712022578       -3.1721834704794869       0.84999999999999998     
  0.61244683208650252       -3.2714865243702516       0.87500000000000000     
  0.52953134507258814       -3.3598524932315943       0.90000000000000002     
  0.44455296410221284       -3.4363728089634495       0.92500000000000004     
  0.35781835735233414       -3.5002212354938913       0.94999999999999996     
  0.26965354881704540       -3.5506797015293698       0.97499999999999998     
  0.18040091266125763       -3.5871619432932769        1.0000000000000000     
  9.04156180427988648E-002  -3.6092336075947391        1.0249999999999999     
  6.16284837035990796E-005  -3.6166276003172717        1.0500000000000000     
 -9.02926126389705375E-002  -3.6092537138760679        1.0750000000000000     
 -0.18027865888010750       -3.5872019110558062        1.1000000000000001     
 -0.26953253762511253       -3.5507390500636142        1.1250000000000000     
 -0.35769906492663611       -3.5002992653816878        1.1499999999999999     
 -0.44443584665559344       -3.4364686264868940        1.1750000000000000     
 -0.52941683436328946       -3.3599650404789281        1.2000000000000000     
 -0.61233533173256338       -3.2716146132637429        1.2250000000000001     
 -0.69290637979339775       -3.1723258188474115        1.2500000000000000     
 -0.77086848327852953       -3.0630628442817942        1.2749999999999999     
 -0.84598467378270015       -2.9448193896579320        1.3000000000000000     
 -0.91804293536367609       -2.8185940298454959        1.3250000000000000     
 -0.98685604311084074       -2.6853680153280837        1.3500000000000001     
  -1.0522608839619527       -2.5460861330108933        1.3750000000000000     
  -1.1141173413396217       -2.4016409913725081        1.3999999999999999     
  -1.1723068312908631       -2.2528608595950543        1.4250000000000000     
  -1.2267305784925717       -2.1005009923765519        1.4500000000000000     
  -1.2773077167682263       -1.9452382191077788        1.4750000000000001     
  -1.3239732918052942       -1.7876684699422121        1.5000000000000000     
  -1.3666762347135299       -1.6283068491928290        1.5249999999999999     
  -1.4053773649532235       -1.4675898424606779        1.5500000000000000     
  -1.4400474708472626       -1.3058792502618619        1.5750000000000000     
  -1.4706655060298099       -1.1434674695539304        1.6000000000000001     
  -1.4972169312368353      -0.98058378780573885        1.6250000000000000     
  -1.5196922230892487      -0.81740140544992423        1.6499999999999999     
  -1.5380855650866385      -0.65404495631234094        1.6750000000000000     
  -1.5523937309288165      -0.49059834783456746        1.7000000000000000     
  -1.5626151664365424      -0.32711279068335569        1.7250000000000001     
  -1.5687492736149382      -0.16361492874896005        1.7500000000000000     
  -1.5707958986180164      -1.15014402755103662E-004   1.7749999999999999     
  -1.5687550243330735       0.16338490042395673        1.8000000000000000     
  -1.5626266678007603       0.32688276956275375        1.8250000000000000     
  -1.5524109825068304       0.49036835792938749        1.8500000000000001     
  -1.5381085655096913       0.65381505043436539        1.8750000000000000     
  -1.5197209691883777       0.81717167668745827        1.8999999999999999     
  -1.4972514168932296       0.98035438090403471        1.9250000000000000     
  -1.4707057207427907        1.1432385921008499        1.9500000000000000     
  -1.4400933980265460        1.3056511835262381        1.9750000000000001     
  -1.4054289799467163        1.4673629516677915        2.0000000000000000     
  -1.3667335025881699        1.6280815929505603        2.0249999999999999     
  -1.3240361649065584        1.7874454084561062        2.0499999999999998     
  -1.2773761320939210        1.9450180207483521        2.0750000000000002     
  -1.2268044549283148        2.1002844380943255        2.1000000000000001     
  -1.1723860667679853        2.2526488446265156        2.1250000000000000     
  -1.1142018099905320        2.4014345236536263        2.1499999999999999     
  -1.0523504333625553        2.5458863277252393        2.1749999999999998     
 -0.98695049171328264        2.6851760850753452        2.2000000000000002     
 -0.91814207023420669        2.8184112700332165        2.2250000000000001     
 -0.84608824876719257        2.9446471589012195        2.2500000000000000     
 -0.77097621772059144        3.0629025398435021        2.2749999999999999     
 -0.69301795792542142        3.1721788474581634        2.2999999999999998     
 -0.61245040284723129        3.2714823580109735        2.3250000000000002     
 -0.52953501385120771        3.3598488248208067        2.3500000000000001     
 -0.44455671796387664        3.4363696767957008        2.3750000000000000     
 -0.35782218245436792        3.5002186737112537        2.3999999999999999     
 -0.26965743052665803        3.5506777390253328        2.4249999999999998     
 -0.18040483569921775        3.5871606027414855        2.4500000000000002     
 -9.04195666492303984E-002   3.6092329046597182        2.4750000000000001     
 -6.55866008182071081E-005   3.6166275430958823        2.5000000000000000     
  9.02886611734494832E-002   3.6092543026053541        2.5249999999999999     
  0.18027473013576373        3.5872031381062093        2.5499999999999998     
  0.26952864738507654        3.5507409002178965        2.5750000000000002     
  0.35769522850419666        3.5003017163812484        2.6000000000000001     
  0.44443207872745927        3.4364716498103962        2.6250000000000000     
  0.52941314882472779        3.3599686023049369        2.6499999999999999     
  0.61233174157831760        3.2716186755605294        2.6749999999999998     
  0.69290289702681207        3.1723303405296788        2.7000000000000002     
  0.77086511884981257        3.0630677823756707        2.7250000000000001     
  0.84598143755585742        2.9448247004214037        2.7500000000000000     
  0.91803983611042905        2.8185996698004128        2.7749999999999999     
  0.98685308852888420        2.6853739421706937        2.7999999999999998     
   1.0522580807142199        2.5460923063792404        2.8250000000000002     
   1.1141146951108227        2.4016473734599262        2.8500000000000001     
   1.1723043468574152        2.2528674156085486        2.8750000000000000     
   1.2267282598021123        2.1005076908466025        2.8999999999999999     
   1.2773055670251354        1.9452450320617898        2.9249999999999998     
   1.3239713135590137        1.7876753729575081        2.9500000000000002     
   1.3666744299468849        1.6283138213469681        2.9750000000000001     
   1.4053757351684077        1.4675968661971956        3.0000000000000000     
   1.4400460171475924        1.3058863111887631        3.0249999999999999     
   1.4706642291957654        1.1434745561906396        3.0499999999999998     
   1.4972158317952744       0.98059089129211996        3.0750000000000002     
   1.5196913013749942       0.81740851922865876        3.1000000000000001     
   1.5380848212958858       0.65405207579361802        3.1250000000000000     
   1.5523931651640102       0.49060547004983146        3.1499999999999999     
   1.5626147787425120       0.32711991393289752        3.1749999999999998     
   1.5687490640061803       0.16362205224647886        3.2000000000000002     
   1.5707958670970730       1.22137918707132531E-004   3.2250000000000001     
   1.5687551708999889      -0.16337777691935396        3.2500000000000000     
   1.5626269924536120      -0.32687564625656818        3.2749999999999999     
   1.5524114852333344      -0.49036123552297639        3.2999999999999998     
   1.5381092462698844      -0.65380793050006580        3.3250000000000002     
   1.5197218278883953      -0.81716456202414356        3.3500000000000001     
   1.4972524533502247      -0.98034727588979131        3.3750000000000000     
   1.4707069346411026       -1.1432315030397406        3.3999999999999999     
   1.4400947888653204       -1.3056441189844818        3.4249999999999998     
   1.4054305469793200       -1.4673559227927471        3.4500000000000002     
   1.3667352447539347       -1.6280746137637132        3.4750000000000001     
   1.3240380807556393       -1.7874384961089287        3.5000000000000000     
   1.2773782197063595       -1.9450111957275884        3.5249999999999999     
   1.2268067118287618       -2.1002777243611455        3.5499999999999998     
   1.1723884898379509       -2.2526422696723527        3.5750000000000002     
   1.1142043953804677       -2.4014281184546746        3.6000000000000001     
   1.0523531764065268       -2.5458801265778801        3.6250000000000000     
  0.98695338684941381       -2.6851701252965552        3.6499999999999999     
  0.91814511093443629       -2.8184055915135997        3.6749999999999998     
  0.84609142748012400       -2.9446418035038815        3.7000000000000002     
  0.77097952583129914       -3.0628975506496099        3.7250000000000001     
  0.69302138573593808       -3.1721742678694804        3.7500000000000000     
  0.61245393958105154       -3.2714782307304477        3.7749999999999999     
  0.52953864768447589       -3.3598451907436035        3.7999999999999998     
  0.44456043608497825       -3.4363665738538551        3.8250000000000002     
  0.35782597115244902       -3.5002161357240986        3.8500000000000001     
  0.26966127530820971       -3.5506757946137766        3.8750000000000000     
  0.18040872143038128       -3.5871592743659324        3.8999999999999999     
  9.04234777200118162E-002  -3.6092322078382337        3.9249999999999998     
  6.95071060808627461E-005  -3.6166274858508904        3.9500000000000002     
 -9.02847472424008063E-002  -3.6092548851741877        3.9750000000000001     
 -0.18027083869587543       -3.5872043529343127        4.0000000000000000     
 -0.26952479406962510       -3.5507427322350269        4.0250000000000004     
 -0.35769142848113927       -3.5003041435425328        4.0499999999999998     
 -0.44442834653427471       -3.4364746438675011        4.0750000000000002     
 -0.52940949822492500       -3.3599721297595124        4.0999999999999996     
 -0.61232818544347756       -3.2716226987436223        4.1250000000000000     
 -0.69289944724656749       -3.1723348187474496        4.1500000000000004     
 -0.77086178627068969       -3.0630726730633104        4.1749999999999998     
 -0.84597823194851474       -2.9448299602529229        4.2000000000000002     
 -0.91803676616362551       -2.8186052557108621        4.2249999999999996     
 -0.98685016186755548       -2.6853798122580685        4.2500000000000000     
  -1.0522553039383635       -2.5460984206646211        4.2750000000000004     
  -1.1141120738514931       -2.4016536944951783        4.2999999999999998     
  -1.1723018858459846       -2.2528739089303880        4.3250000000000002     
  -1.2267259629490235       -2.1005143252834948        4.3499999999999996     
  -1.2773034375046095       -1.9452517799057898        4.3750000000000000     
  -1.3239693538965269       -1.7876822100167920        4.4000000000000004     
  -1.3666726421066502       -1.6283207268966522        4.4249999999999998     
  -1.4053741206385424       -1.4676038228463884        4.4500000000000002     
  -1.4400445770210952       -1.3058933046810015        4.4749999999999996     
  -1.4706629642458366       -1.1434815751532710        4.5000000000000000     
  -1.4972147425438742      -0.98059792694810954        4.5250000000000004     
  -1.5196903881538459      -0.81741556508200908        4.5499999999999998     
  -1.5380840842993795      -0.65405912729726401        4.5750000000000002     
  -1.5523926044936562      -0.49061252426269741        4.5999999999999996     
  -1.5626143944427366      -0.32712696917085415        4.6250000000000000     
  -1.5687488560913532      -0.16362910773029954        4.6500000000000004     
  -1.5707958355697151      -1.29193420822154570E-004   4.6749999999999998     
  -1.5687553157601446       0.16337072142844467        4.7000000000000002     
  -1.5626273136993802       0.32686859096193288        4.7249999999999996     
  -1.5524119828525593       0.49035418111884654        4.7500000000000000     
  -1.5381099202230091       0.65380087854312152        4.7750000000000004     
  -1.5197226780824944       0.81715751528567571        4.7999999999999998     
  -1.4972534796042647       0.98034023870501275        4.8250000000000002     
  -1.4707081366425339        1.1432244816512407        4.8499999999999996     
  -1.4400961661182026        1.3056371218752019        4.8750000000000000     
  -1.4054320987443196        1.4673489610019250        4.9000000000000004     
  -1.3667369699807268        1.6280677011770841        4.9249999999999998     
  -1.3240399780084866        1.7874316497121572        4.9500000000000002     
  -1.2773802870839528        1.9450044358096128        4.9749999999999996     
  -1.2268089468797614        2.1002710746520301        5.0000000000000000     
  -1.1723908894740762        2.2526357573986253        5.0250000000000004     
  -1.1142069557894207        2.4014217742942976        5.0499999999999998     
  -1.0523558929674803        2.5458739844972937        5.0750000000000002     
 -0.98695625405421517        2.6851642222540018        5.0999999999999996     
 -0.91814812231803189        2.8183999670164828        5.1250000000000000     
 -0.84609457556395240        2.9446364990134435        5.1500000000000004     
 -0.77098280208347547        3.0628926088337627        5.1749999999999998     
 -0.69302478055192052        3.1721697317139768        5.2000000000000002     
 -0.61245744228809396        3.2714741425292657        5.2249999999999996     
 -0.52954224657250781        3.3598415910006256        5.2500000000000000     
 -0.44456411846561622        3.4363635001385981        5.2750000000000004     
 -0.35782972344665825        3.5002136215331516        5.2999999999999998     
 -0.26966508316176274        3.5506738682954593        5.3250000000000002     
 -0.18041256985479112        3.5871579581673991        5.3499999999999996     
 -9.04273512551662523E-002   3.6092315171310818        5.3750000000000000     
 -7.33899994947440071E-005   3.6166274285830973        5.4000000000000004     
  9.02808708458413267E-002   3.6092554615833650        5.4249999999999998     
  0.18026698456047913        3.5872055555408986        5.4500000000000002     
  0.26952097767881394        3.5507445461157645        5.4749999999999996     
  0.35768766485753822        3.5003065468662684        5.5000000000000000     
  0.44442465007613174        3.4364776086588971        5.5250000000000004     
  0.52940588256398979        3.3599756228432973        5.5499999999999998     
  0.61232466332816726        3.2716266828136162        5.5750000000000002     
  0.69289603045280224        3.1723392535012676        5.5999999999999996     
  0.77085848554131231        3.0630775163452029        5.6250000000000000     
  0.84597505696083519        2.9448351691529262        5.6500000000000004     
  0.91803372552343865        2.8186107875772275        5.6749999999999998     
  0.98684726312703652        2.6853856255905413        5.7000000000000002     
   1.0522525536345733        2.5461044758673199        5.7249999999999996     
   1.1141094775618290        2.4016599544785033        5.7500000000000000     
   1.1722994482567728        2.2528803395607704        5.7750000000000004     
   1.2267236879335113        2.1005208956873895        5.7999999999999998     
   1.2773013282068582        1.9452584626399074        5.8250000000000002     
   1.3239674128180463        1.7876889811201644        5.8499999999999996     
   1.3666708711930404        1.6283275658419583        5.8750000000000000     
   1.4053725213638435        1.4676107124083135        5.9000000000000004     
   1.4400431504679883        1.3059002307386192        5.9249999999999998     
   1.4706617111802418        1.1434885264418539        5.9500000000000002     
   1.4972136634828535       0.98060489477372792        5.9749999999999996     
   1.5196894834260231       0.81742254300998851        6.0000000000000000     
   1.5380833540973391       0.65406611082328758        6.0250000000000004     
   1.5523920489179743       0.49061951047317098        6.0499999999999998     
   1.5626140135374365       0.32713395639722970        6.0750000000000002     
   1.5687486498706771       0.16363609520042563        6.0999999999999996     
   1.5707958040361629       1.36180909103611469E-004   6.1250000000000000     
   1.5687554589137607      -0.16336373395122553        6.1500000000000004     
   1.5626276315382850      -0.32686160367884487        6.1749999999999998     
   1.5524124753647253      -0.49034719471699639        6.2000000000000002     
   1.5381105873692853      -0.65379389456353365        6.2249999999999996     
   1.5197235197708954      -0.81715053647206037        6.2500000000000000     
   1.4972544956555700      -0.98033326934971099        6.2750000000000004     
   1.4707093267473044       -1.1432175279353716        6.2999999999999998     
   1.4400975297854111       -1.3056301921984315        6.3250000000000002     
   1.4054336352419330       -1.4673420662953740        6.3499999999999996     
   1.3667386782687623       -1.6280608551907410        6.3750000000000000     
   1.3240418566653143       -1.7874248692658825        6.4000000000000004     
   1.2773823342269126       -1.9449977409945443        6.4249999999999998     
   1.2268111600815219       -2.1002644889671309        6.4500000000000002     
   1.1723932656765650       -2.2526293078055213        6.4749999999999996     
   1.1142094912175893       -2.4014154911727230        6.5000000000000000     
   1.0523585830456077       -2.5458679014837520        6.5250000000000004     
  0.98695909332787080       -2.6851583759480047        6.5499999999999998     
  0.91815110438516934       -2.8183943965422356        6.5750000000000002     
  0.84609769301884374       -2.9446312454303274        6.5999999999999996     
  0.77098604647727487       -3.0628877143964353        6.6250000000000000     
  0.69302814237351062       -3.1721652389921799        6.6500000000000004     
  0.61246091096848676       -3.2714700934080065        6.6749999999999998     
  0.52954581051541671       -3.3598380255925013        6.7000000000000002     
  0.44456776510588752       -3.4363604556506036        6.7249999999999996     
  0.35783343933707529       -3.5002111311391251        6.7500000000000000     
  0.26966885408737851       -3.5506719600711252        6.7750000000000004     
  0.18041638097248985       -3.5871566541466544        6.7999999999999998     
  9.04311872547168827E-002  -3.6092308325390463        6.8250000000000002     
  7.72352810632787046E-005  -3.6166273712932928        6.8499999999999996     
 -9.02770319837873370E-002  -3.6092560318336715        6.8750000000000000     
 -0.18026316772961060       -3.5872067459267396        6.9000000000000004     
 -0.26951719821269804       -3.5507463418608594        6.9249999999999998     
 -0.35768393763346690       -3.5003089263531750        6.9500000000000002     
 -0.44442098935312130       -3.4364805441852666        6.9749999999999996     
 -0.52940230184202952       -3.3599790815569310        7.0000000000000000     
 -0.61232117523250951       -3.2716306277711018        7.0250000000000004     
 -0.69289264664565309       -3.1723436447916717        7.0499999999999998     
 -0.77085521666182999       -3.0630823122218342        7.0750000000000002     
 -0.84597191259297977       -2.9448403271218462        7.0999999999999996     
 -0.91803071419003979       -2.8186162653998887        7.1250000000000000     
 -0.98684439230750765       -2.6853913821684410        7.1500000000000004     
  -1.0522498298030367       -2.5461104719876184        7.1749999999999998     
  -1.1141069062420246       -2.4016661534101393        7.2000000000000002     
  -1.1722970340899792       -2.2528867074998926        7.2249999999999996     
  -1.2267214347557800       -2.1005274020584470        7.2500000000000000     
  -1.2772992391320894       -1.9452650802642713        7.2750000000000004     
  -1.3239654903237832       -1.7876956862677260        7.2999999999999998     
  -1.3666691172062688       -1.6283343381829631        7.3250000000000002     
  -1.4053709373445260       -1.4676175348830285        7.3499999999999996     
  -1.4400417374884877       -1.3059070893616571        7.3750000000000000     
  -1.4706604699991979       -1.1434954100564172        7.4000000000000004     
  -1.4972125946124295      -0.98061179476899418        7.4249999999999998     
  -1.5196885871917434      -0.81742945301260950        7.4500000000000002     
  -1.5380826306899829      -0.65407302637169673        7.4749999999999996     
  -1.5523914984371829      -0.49062642868125761        7.5000000000000000     
  -1.5626136360268297      -0.32714087561202831        7.5250000000000004     
  -1.5687484453443703      -0.16364301465686079        7.5499999999999998     
  -1.5707957724966348      -1.43100383555055943E-004   7.5750000000000002     
  -1.5687556003610559       0.16335681448769301        7.5999999999999996     
  -1.5626279459705452       0.32685468440730125        7.6250000000000000     
  -1.5524129627700516       0.49034027631742438        7.6500000000000004     
  -1.5381112477089329       0.65378697856130319        7.6749999999999998     
  -1.5197243529538178       0.81714362558330267        7.7000000000000002     
  -1.4972555015043598       0.98032636782389782        7.7249999999999996     
  -1.4707105049556328        1.1432106418921537        7.7500000000000000     
  -1.4400988798671646        1.3056233299542033        7.7750000000000004     
  -1.4054351564723773        1.4673352386731422        7.7999999999999998     
  -1.3667403696182570        1.6280540758047510        7.8250000000000002     
  -1.3240437167263364        1.7874181547701951        7.8499999999999996     
  -1.2773843611354503        1.9449911112825000        7.8750000000000000     
  -1.2268133514342514        2.1002579673065962        7.9000000000000004     
  -1.1723956184456215        2.2526229208932249        7.9249999999999998     
  -1.1142120016651729        2.4014092690901752        7.9500000000000002     
  -1.0523612466411025        2.5458618775375239        7.9749999999999996     
 -0.98696190467056732        2.6851525863788801        8.0000000000000000     
 -0.91815405713602649        2.8183888800912249        8.0250000000000004     
 -0.84610077984496601        2.9446260427549533        8.0500000000000007     
 -0.77098925901285442        3.0628828673381023        8.0749999999999993     
 -0.69303147120085296        3.1721607897046189        8.0999999999999996     
 -0.61246434562236052        3.2714660833672520        8.1250000000000000     
 -0.52954933951331806        3.3598344945198613        8.1500000000000004     
 -0.44457137600589125        3.4363574403905459        8.1750000000000007     
 -0.35783711882378183        3.5002086645427331        8.1999999999999993     
 -0.26967258808512051        3.5506700699415203        8.2249999999999996     
 -0.18042015478352197        3.5871553623044683        8.2500000000000000     
 -9.04349857186887013E-002   3.6092301540629119        8.2750000000000004     
 -8.10429507917959091E-005   3.6166273139822662        8.3000000000000007     
  9.02732306562532283E-002   3.6092565959258933        8.3249999999999993     
  0.18025938820330378        3.5872079240926071        8.3499999999999996     
  0.26951345567133023        3.5507481194710606        8.3750000000000000     
  0.35768024680899652        3.5003112820039703        8.4000000000000004     
  0.44441736436533208        3.4364834504472892        8.4250000000000007     
  0.52939875605914943        3.3599825059010500        8.4499999999999993     
  0.61231772115662486        3.2716345336166679        8.4749999999999996     
  0.69288929582525494        3.1723479926191995        8.5000000000000000     
  0.77085197963239027        3.0630870606936895        8.5250000000000004     
  0.84596879884510734        2.9448454341601149        8.5500000000000007     
  0.91802773216359779        2.8186216891792260        8.5749999999999993     
  0.98684154940914659        2.6853970819920971        8.5999999999999996     
   1.0522471324439395        2.5461164090257986        8.6250000000000000     
   1.1141043598922720        2.4016722912903243        8.6500000000000004     
   1.1722946433458015        2.2528930127479532        8.6750000000000007     
   1.2267192034160315        2.1005338443968302        8.6999999999999993     
   1.2772971702805085        1.9452716327790123        8.7249999999999996     
   1.3239635864139452        1.7877023254595807        8.7500000000000000     
   1.3666673801465459        1.6283410439197477        8.7750000000000004     
   1.4053693685808020        1.4676242902705947        8.8000000000000007     
   1.4400403380828068        1.3059138805501613        8.8249999999999993     
   1.4706592407029191        1.1435022259969942        8.8499999999999996     
   1.4972115359328173       0.98061862693393276        8.8750000000000000     
   1.5196876994512223       0.81743629508988980        8.9000000000000004     
   1.5380819140775266       0.65407987394250477        8.9250000000000007     
   1.5523909530514981       0.49063327888696767        8.9499999999999993     
   1.5626132619111328       0.32714772681525883        8.9749999999999996     
   1.5687482425126493       0.16364986609961335        9.0000000000000000     
   1.5707957409513478       1.49951844184786909E-004   9.0250000000000004     
   1.5687557401022469      -0.16334996303783891        9.0500000000000007     
   1.5626282569963779      -0.32684783314729421        9.0749999999999993     
   1.5524134450687550      -0.49033342592012397        9.0999999999999996     
   1.5381119012421682      -0.65378013053642636        9.1250000000000000     
   1.5197251776314782      -0.81713678261940326        9.1500000000000004     
   1.4972564971508506      -0.98031953412758011        9.1750000000000007     
   1.4707116712677357       -1.1432038235216029        9.1999999999999993     
   1.4401002163636785       -1.3056165351425451        9.2249999999999996     
   1.4054366624358672       -1.4673284781352727        9.2500000000000000     
   1.3667420440294242       -1.6280473630191765        9.2750000000000004     
   1.3240455581917643       -1.7874115062251801        9.3000000000000007     
   1.2773863678097748       -1.9449845466735922        9.3249999999999993     
   1.2268155209381557       -2.1002515096705694        9.3499999999999996     
   1.1723979477814470       -2.2526165966619152        9.3750000000000000     
   1.1142144871323674       -2.4014031080468725        9.4000000000000004     
   1.0523638837541547       -2.5458559126588711        9.4250000000000007     
  0.98696468808248727       -2.6851468535469376        9.4499999999999993     
  0.91815698057077744       -2.8183834176638105        9.4749999999999996     
  0.84610383604248363       -2.9446208909877321        9.5000000000000000     
  0.77099243969036735       -3.0628780676592271        9.5250000000000004     
  0.69303476703408851       -3.1721563838518088        9.5500000000000007     
  0.61246774624984257       -3.2714621124075673        9.5749999999999993     
  0.52955283356632432       -3.3598309977833196        9.5999999999999996     
  0.44457495116572399       -3.4363544543590838        9.6250000000000000     
  0.35784076190685754       -3.5002062217446719        9.6500000000000004     
  0.26967628515505060       -3.5506681979073722        9.6750000000000007     
  0.18042389128793085       -3.5871540826415913        9.6999999999999993     
  9.04387466471061607E-002  -3.6092294817034452        9.7249999999999996     
  8.48130086854859133E-005  -3.6166272566507911        9.7500000000000000     
 -9.02694668632530867E-002  -3.6092571538607996        9.7750000000000004     
 -0.18025564598159183       -3.5872090900392584        9.8000000000000007     
 -0.26950975005476235       -3.5507498789471033        9.8249999999999993     
 -0.35767659238419691       -3.5003136138193596        9.8499999999999996     
 -0.44441377511285107       -3.4364863274456332        9.8750000000000000     
 -0.52939524521545267       -3.3599858958762785        9.9000000000000004     
 -0.61231430110063156       -3.2716384003508909        9.9250000000000007     
 -0.69288597799173968       -3.1723522969843776        9.9499999999999993     
 -0.77084877445313771       -3.0630917617612439        9.9749999999999996     
 -0.84596571571737389       -2.9448504902681556        10.000000000000000     
 -0.91802477944427863       -2.8186270589156113        10.025000000000000     
 -0.98683873443212788       -2.6854027250618326        10.050000000000001     
  -1.0522444615574635       -2.5461222869821367        10.074999999999999     
  -1.1141018385127590       -2.4016783681192906        10.100000000000000     
  -1.1722922760244328       -2.2528992553051443        10.125000000000000     
  -1.2267169939144633       -2.1005402227026959        10.150000000000000     
  -1.2772951216523167       -1.9452781201842559        10.175000000000001     
  -1.3239617010887366       -1.7877088986958265        10.199999999999999     
  -1.3666656600140774       -1.6283476830523866        10.225000000000000     
  -1.4053678150728794       -1.4676309785710679        10.250000000000000     
  -1.4400389522511550       -1.3059206043041724        10.275000000000000     
  -1.4706580232916158       -1.1435089742636140        10.300000000000001     
  -1.4972104874442280      -0.98062539126856318        10.324999999999999     
  -1.5196868202046714      -0.81744306924184240        10.350000000000000     
  -1.5380812042601817      -0.65408665353572004        10.375000000000000     
  -1.5523904127611314      -0.49064006109030689        10.400000000000000     
  -1.5626128911905575      -0.32715451000692564        10.425000000000001     
  -1.5687480413757264      -0.16365664952868708        10.449999999999999     
  -1.5707957094005136      -1.56735290996440346E-004   10.475000000000000     
  -1.5687558781375461       0.16334317960165962        10.500000000000000     
  -1.5626285646159950       0.32684104989882062        10.525000000000000     
  -1.5524139222610478       0.49032664352509336        10.550000000000001     
  -1.5381125479692037       0.65377335048890362        10.574999999999999     
  -1.5197259938040886       0.81713000758036669        10.600000000000000     
  -1.4972574825952545       0.98031276826076885        10.625000000000000     
  -1.4707128256838247        1.1431970728237393        10.650000000000000     
  -1.4401015392751642        1.3056098077634886        10.675000000000001     
  -1.4054381531326134        1.4673217846818121        10.699999999999999     
  -1.3667437015024735        1.6280407168340822        10.725000000000000     
  -1.3240473810618056        1.7874049236309251        10.750000000000000     
  -1.2773883542500915        1.9449780471679354        10.775000000000000     
  -1.2268176685934367        2.1002451160591966        10.800000000000001     
  -1.1724002536842397        2.2526103351117732        10.824999999999999     
  -1.1142169476193664        2.4013970080430362        10.850000000000000     
  -1.0523664943849516        2.5458500068480578        10.875000000000000     
 -0.98696744356381094        2.6851411774524871        10.900000000000000     
 -0.91815987468959437        2.8183780092603512        10.925000000000001     
 -0.84610686161155924        2.9446157901290744        10.949999999999999     
 -0.77099558850996563        3.0628733153602727        10.975000000000000     
 -0.69303802987335694        3.1721520214342651        11.000000000000000     
 -0.61247111285105926        3.2714581805295198        11.025000000000000     
 -0.52955629267454718        3.3598275353834910        11.050000000000001     
 -0.44457849058548149        3.4363514975568759        11.074999999999999     
 -0.35784436858638119        3.5002038027456384        11.100000000000000     
 -0.26967994529722961        3.5506663439694095        11.125000000000000     
 -0.18042759048575874        3.5871528151587757        11.150000000000000     
 -9.04424700399924786E-002   3.6092288154614116        11.175000000000001     
 -8.85454547483593979E-005   3.6166271992996371        11.199999999999999     
  9.02657406048021360E-002   3.6092577056391559        11.225000000000000     
  0.18025194106450898        3.5872102437674447        11.250000000000000     
  0.26950608136304727        3.5507516202897165        11.275000000000000     
  0.35767297435913875        3.5003159218000421        11.300000000000001     
  0.44441022159576604        3.4364891751809612        11.324999999999999     
  0.52939176931104304        3.3599892514832375        11.350000000000000     
  0.61231091506464819        3.2716422279743456        11.375000000000000     
  0.69288269314523965        3.1723565578877304        11.400000000000000     
  0.77084560112421696        3.0630964154249694        11.425000000000001     
  0.84596266320993507        2.9448554954463879        11.449999999999999     
  0.91802185603224784        2.8186323746094128        11.475000000000000     
  0.98683594737662572        2.6854083113779672        11.500000000000000     
   1.0522418171437906        2.5461281058569059        11.525000000000000     
   1.1140993421036745        2.4016843838972681        11.550000000000001     
   1.1722899321260671        2.2529054351716571        11.574999999999999     
   1.2267148062512740        2.1005465369761991        11.600000000000000     
   1.2772930932477160        1.9452845424801264        11.625000000000000     
   1.3239598343483621        1.7877154059765610        11.650000000000000     
   1.3666639568090708        1.6283542555809554        11.675000000000001     
   1.4053662768209667        1.4676375997845048        11.699999999999999     
   1.4400375799937415        1.3059272606237313        11.725000000000000     
   1.4706568177654979        1.1435156548563052        11.750000000000000     
   1.4972094491468722       0.98063208777290534        11.775000000000000     
   1.5196859494523014       0.81744977546848041        11.800000000000001     
   1.5380805012381598       0.65409336515135141        11.824999999999999     
   1.5523898775662945       0.49064677529128137        11.850000000000000     
   1.5626125238653155       0.32716122518703339        11.875000000000000     
   1.5687478419338130       0.16366336494408609        11.900000000000000     
   1.5707956778443444       1.63450723994096325E-004   11.925000000000001     
   1.5687560144671655      -0.16333646417915110        11.949999999999999     
   1.5626288688296093      -0.32683433466187684        11.975000000000000     
   1.5524143943471429      -0.49031992913233019        12.000000000000000     
   1.5381131878902525      -0.65376663841873539        12.025000000000000     
   1.5197268014718626      -0.81712330046619774        12.050000000000001     
   1.4972584578377843      -0.98030607022347516        12.074999999999999     
   1.4707139682041119       -1.1431903897985827        12.100000000000000     
   1.4401028486018330       -1.3056031478170655        12.125000000000000     
   1.4054396285628259       -1.4673151583128070        12.150000000000000     
   1.3667453420376132       -1.6280341372495337        12.175000000000001     
   1.3240491853366669       -1.7873984069875175        12.199999999999999     
   1.2773903204566037       -1.9449716127656431        12.225000000000000     
   1.2268197944002948       -2.1002387864726213        12.250000000000000     
   1.1724025361541961       -2.2526041362429772        12.275000000000000     
   1.1142193831263612       -2.4013909690788826        12.300000000000001     
   1.0523690785336783       -2.5458441601053434        12.324999999999999     
  0.98697017111471652       -2.6851355580958343        12.350000000000000     
  0.91816273949264715       -2.8183726548812018        12.375000000000000     
  0.84610985655235316       -2.9446107401793853        12.400000000000000     
  0.77099870547179872       -3.0628686104416958        12.425000000000001     
  0.69304125971879571       -3.1721477024524960        12.449999999999999     
  0.61247444542613461       -3.2714542877336670        12.475000000000000     
  0.52955971683809600       -3.3598241073209802        12.500000000000000     
  0.44458199426525746       -3.4363485699845695        12.525000000000000     
  0.35784793886242983       -3.5002014075463177        12.550000000000001     
  0.26968356851171715       -3.5506645081283481        12.574999999999999     
  0.18043125237704710       -3.5871515598567605        12.600000000000000     
  9.04461558973704699E-002  -3.6092281553375658        12.625000000000000     
  9.22402889842466323E-005  -3.6166271419295648        12.650000000000000     
 -9.02620518809155170E-002  -3.6092582512617186        12.675000000000001     
 -0.18024827345208905       -3.5872113852779095        12.699999999999999     
 -0.26950244959623704       -3.5507533434996215        12.725000000000000     
 -0.35766939273389187       -3.5003182059467095        12.750000000000000     
 -0.44440670381416358       -3.4364919936539278        12.775000000000000     
 -0.52938832834602290       -3.3599925727225393        12.800000000000001     
 -0.61230756304879208       -3.2716460164875971        12.824999999999999     
 -0.69287944128588574       -3.1723607753297740        12.850000000000000     
 -0.77084245964577136       -3.0631010216853318        12.875000000000000     
 -0.84595964132294532       -2.9448604496952266        12.900000000000000     
 -0.91801896192766963       -2.8186376362609957        12.925000000000001     
 -0.98683318824281296       -2.6854138409408166        12.949999999999999     
  -1.0522391992031006       -2.5461338656503760        12.975000000000000     
  -1.1140968706652039       -2.4016903386244848        13.000000000000000     
  -1.1722876116508953       -2.2529115523476801        13.025000000000000     
  -1.2267126404266584       -2.1005527872174943        13.050000000000001     
  -1.2772910850669048       -1.9452908996667473        13.074999999999999     
  -1.3239579861930229       -1.7877218473018810        13.100000000000000     
  -1.3666622705317293       -1.6283607615055276        13.125000000000000     
  -1.4053647538252692       -1.4676441539109601        13.150000000000000     
  -1.4400362213107731       -1.3059338495088781        13.175000000000001     
  -1.4706556241247735       -1.1435222677750958        13.199999999999999     
  -1.4972084210409580      -0.98063871644697798        13.225000000000000     
  -1.5196850871943215      -0.81745641376981615        13.250000000000000     
  -1.5380798050116697      -0.65410000878940666        13.275000000000000     
  -1.5523893474671968      -0.49065342148989627        13.300000000000001     
  -1.5626121599356162      -0.32716787235558575        13.324999999999999     
  -1.5687476441871187      -0.16367001234581358        13.350000000000000     
  -1.5707956462830495      -1.70098143180835715E-004   13.375000000000000     
  -1.5687561490913144       0.16332981677031033        13.400000000000000     
  -1.5626291696374297       0.32682768743646040        13.425000000000001     
  -1.5524148613272490       0.49031328274183317        13.449999999999999     
  -1.5381138210055232       0.65375999432592280        13.475000000000000     
  -1.5197276006350082       0.81711666127690163        13.500000000000000     
  -1.4972594228786484       0.98029944001571034        13.525000000000000     
  -1.4707150988288058        1.1431837744461528        13.550000000000001     
  -1.4401041443438927        1.3055965553033071        13.574999999999999     
  -1.4054410887267117        1.4673085990283035        13.600000000000000     
  -1.3667469656350490        1.6280276242655951        13.625000000000000     
  -1.3240509710165518        1.7873919562950438        13.650000000000000     
  -1.2773922664295134        1.9449652434668283        13.675000000000001     
  -1.2268218983589285        2.1002325209109869        13.699999999999999     
  -1.1724047951915104        2.2525980000557055        13.725000000000000     
  -1.1142217936535412        2.4013849911546297        13.750000000000000     
  -1.0523716362005191        2.5458383724309881        13.775000000000000     
 -0.98697287073538087        2.6851299954772854        13.800000000000001     
 -0.91816557498010432        2.8183673545267172        13.824999999999999     
 -0.84611282086502448        2.9446057411390703        13.850000000000000     
 -0.77100179057601481        3.0628639529039532        13.875000000000000     
 -0.69304445657054103        3.1721434269070095        13.900000000000000     
 -0.61247774397519150        3.2714504340205668        13.925000000000001     
 -0.52956310605707912        3.3598207135963922        13.949999999999999     
 -0.44458546220514461        3.4363456716428122        13.975000000000000     
 -0.35785147273507945        3.5001990361473947        14.000000000000000     
 -0.26968715479857175        3.5506626903849030        14.025000000000000     
 -0.18043487696183624        3.5871503167362828        14.050000000000001     
 -9.04498042192617979E-002   3.6092275013326578        14.074999999999999     
 -9.58975113959786851E-005   3.6166270845413289        14.100000000000000     
  9.02584006916092307E-002   3.6092587907292391        14.125000000000000     
  0.18024464314436678        3.5872125145713909        14.150000000000000     
  0.26949885475438462        3.5507550485775354        14.175000000000001     
  0.35766584750852676        3.5003204662600491        14.199999999999999     
  0.44440322176813096        3.4364947828651844        14.225000000000000     
  0.52938492232049539        3.3599958595947932        14.250000000000000     
  0.61230424505318082        3.2716497658912091        14.275000000000000     
  0.69287622241380886        3.1723649493110226        14.300000000000001     
  0.77083935001794390        3.0631055805427945        14.324999999999999     
  0.84595665005655851        2.9448653530150848        14.350000000000000     
  0.91801609713070742        2.8186428438707227        14.375000000000000     
  0.98683045703086125        2.6854193137506956        14.400000000000000     
   1.0522366077355727        2.5461395663628164        14.425000000000001     
   1.1140944241975328        2.4016962323011670        14.449999999999999     
   1.1722853145991081        2.2529176068334018        14.475000000000000     
   1.2267104964408113        2.1005589734267347        14.500000000000000     
   1.2772890971100812        1.9452971917442410        14.525000000000000     
   1.3239561566229199        1.7877282226718827        14.550000000000001     
   1.3666606011822555        1.6283672008261774        14.574999999999999     
   1.4053632460859906        1.4676506409504895        14.600000000000000     
   1.4400348762024548        1.3059403709596529        14.625000000000000     
   1.4706544423696482        1.1435288130200143        14.650000000000000     
   1.4972074031266922       0.98064527729080075        14.675000000000001     
   1.5196842334309382       0.81746298414586316        14.699999999999999     
   1.5380791155809186       0.65410658444989522        14.725000000000000     
   1.5523888224640452       0.49065999968615831        14.750000000000000     
   1.5626117994016668       0.32717445151258828        14.775000000000000     
   1.5687474481358508       0.16367659173387455        14.800000000000001     
   1.5707956147168363       1.76677548561543496E-004   14.824999999999999     
   1.5687562820102006      -0.16332323737513257        14.850000000000000     
   1.5626294670396641      -0.32682110822256688        14.875000000000000     
   1.5524153232015745      -0.49030670435359924        14.900000000000000     
   1.5381144473152242      -0.65375341821046518        14.925000000000001     
   1.5197283912937340      -0.81711009001248169        14.949999999999999     
   1.4972603777180549      -0.98029287763748396        14.975000000000000     
   1.4707162175581137       -1.1431772267664682        15.000000000000000     
   1.4401054265015503       -1.3055900302222430        15.025000000000000     
   1.4054425336244769       -1.4673021068283458        15.050000000000001     
   1.3667485722949857       -1.6280211778823288        15.074999999999999     
   1.3240527381016634       -1.7873855715535885        15.100000000000000     
   1.2773941921690206       -1.9449589392716009        15.125000000000000     
   1.2268239804695349       -2.1002263193744333        15.150000000000000     
   1.1724070307963759       -2.2525919265501315        15.175000000000001     
   1.1142241792010950       -2.4013790742704875        15.199999999999999     
   1.0523741673856559       -2.5458326438252437        15.225000000000000     
  0.98697554242597940       -2.6851244895971371        15.250000000000000     
  0.91816838115213317       -2.8183621081972414        15.275000000000000     
  0.84611575454973120       -2.9446007930085236        15.300000000000001     
  0.77100484382276158       -3.0628593427474899        15.324999999999999     
  0.69304762042872869       -3.1721391947983015        15.350000000000000     
  0.61248100849835274       -3.2714466193907641        15.375000000000000     
  0.52956646033160526       -3.3598173542103180        15.400000000000000     
  0.44458889440523619       -3.4363428025322378        15.425000000000001     
  0.35785497020440704       -3.5001966885495399        15.449999999999999     
  0.26969070415785312       -3.5506608907397750        15.475000000000000     
  0.18043846424016813       -3.5871490857980670        15.500000000000000     
  9.04534150056901104E-002  -3.6092268534474274        15.525000000000000     
  9.95171219886764602E-005  -3.6166270271356749        15.550000000000001     
 -9.02547870368967942E-002  -3.6092593240424584        15.574999999999999     
 -0.18024105014137404       -3.5872136316486176        15.600000000000000     
 -0.26949529683753981       -3.5507567355241654        15.625000000000000     
 -0.35766233868311054       -3.5003227027407391        15.650000000000000     
 -0.44439977545775189       -3.4364975428153732        15.675000000000001     
 -0.52938155123455977       -3.3599991121006001        15.699999999999999     
 -0.61230096107792820       -3.2716534761857372        15.725000000000000     
 -0.69287303652913634       -3.1723690798319839        15.750000000000000     
 -0.77083627224087403       -3.0631100919978151        15.775000000000000     
 -0.84595368941092497       -2.9448702054063687        15.800000000000001     
 -0.91801326164152131       -2.8186479974389504        15.824999999999999     
 -0.98682775374093912       -2.6854247298079130        15.850000000000000     
  -1.0522340427413825       -2.5461452079944902        15.875000000000000     
  -1.1140920027008430       -2.4017020649275365        15.900000000000000     
  -1.1722830409708922       -2.2529235986290050        15.925000000000001     
  -1.2267083742939242       -2.1005650956040696        15.949999999999999     
  -1.2772871293774399       -1.9453034187127272        15.975000000000000     
  -1.3239543456382503       -1.7877345320866596        16.000000000000000     
  -1.3666589487608491       -1.6283735735429761        16.024999999999999     
  -1.4053617536033327       -1.4676570609031456        16.050000000000001     
  -1.4400335446689894       -1.3059468249760942        16.074999999999999     
  -1.4706532725003252       -1.1435352905910878        16.100000000000001     
  -1.4972063954042785      -0.98065177030439199        16.125000000000000     
  -1.5196833881623559      -0.81746948659663299        16.149999999999999     
  -1.5380784329461110      -0.65411309213282398        16.175000000000001     
  -1.5523883025570444      -0.49066650988007177        16.199999999999999     
  -1.5626114422636723      -0.32718096265804369        16.225000000000001     
  -1.5687472537802145      -0.16368310310827117        16.250000000000000     
  -1.5707955831459104      -1.83188940138384604E-004   16.274999999999999     
  -1.5687564132240295       0.16331672599361560        16.300000000000001     
  -1.5626297610365183       0.32681459702019455        16.324999999999999     
  -1.5524157799703246       0.49030019396762792        16.350000000000001     
  -1.5381150668195607       0.65374691007236474        16.375000000000000     
  -1.5197291734482452       0.81710358667294436        16.399999999999999     
  -1.4972613223562088       0.98028638308880844        16.425000000000001     
  -1.4707173243922405        1.1431707467595495        16.449999999999999     
  -1.4401066950750097        1.3055835725739053        16.475000000000001     
  -1.4054439632563243        1.4672956817129805        16.500000000000000     
  -1.3667501620176248        1.6280147980997994        16.524999999999999     
  -1.3240544865922013        1.7873792527632375        16.550000000000001     
  -1.2773960976753229        1.9449527001800730        16.574999999999999     
  -1.2268260407323082        2.1002201818631026        16.600000000000001     
  -1.1724092429689827        2.2525859157264319        16.625000000000000     
  -1.1142265397692077        2.4013732184266714        16.649999999999999     
  -1.0523766720892684        2.5458269742883672        16.675000000000001     
 -0.98697818618668465        2.6851190404556906        16.699999999999999     
 -0.91817115800889837        2.8183569158931232        16.725000000000001     
 -0.84611865760662874        2.9445958957881424        16.750000000000000     
 -0.77100786521218378        3.0628547799727528        16.774999999999999     
 -0.69305075129349158        3.1721350061268683        16.800000000000001     
 -0.61248423899573823        3.2714428438448038        16.824999999999999     
 -0.52956977966178009        3.3598140291633487        16.850000000000001     
 -0.44459229086562274        3.4363399626534790        16.875000000000000     
 -0.35785843127048683        3.5001943647534222        16.899999999999999     
 -0.26969421658961845        3.5506591091936630        16.925000000000001     
 -0.18044201421208209        3.5871478670428343        16.949999999999999     
 -9.04569882566765293E-002   3.6092262116826088        16.975000000000001     
 -1.03099120764976737E-004   3.6166269697133417        17.000000000000000     
  9.02512109167939724E-002   3.6092598512021117        17.024999999999999     
  0.18023749444314477        3.5872147365103113        17.050000000000001     
  0.26949177584575446        3.5507584043402121        17.074999999999999     
  0.35765886625771220        3.5003249153894509        17.100000000000001     
  0.44439636488311163        3.4365002735051302        17.125000000000000     
  0.52937821508831662        3.3600023302405546        17.149999999999999     
  0.61229771112314912        3.2716571473717302        17.175000000000001     
  0.69286988363199609        3.1723731668931587        17.199999999999999     
  0.77083322631470153        3.0631145560508450        17.225000000000001     
  0.84595075938619513        2.9448750068694811        17.250000000000000     
  0.91801045546027105        2.8186530969660333        17.274999999999999     
  0.98682507837321465        2.6854300891127765        17.300000000000001     
   1.0522315042207051        2.5461507905456613        17.324999999999999     
   1.1140896061753154        2.4017078365038156        17.350000000000001     
   1.1722807907664339        2.2529295277346746        17.375000000000000     
   1.2267062739861869        2.1005711537496494        17.399999999999999     
   1.2772851818691744        1.9453095805723264        17.425000000000001     
   1.3239525532392102        1.7877407755463062        17.449999999999999     
   1.3666573132677082        1.6283798796559965        17.475000000000001     
   1.4053602763774948        1.4676634137689835        17.500000000000000     
   1.4400322267105774        1.3059532115582415        17.524999999999999     
   1.4706521145170064        1.1435417004883439        17.550000000000001     
   1.4972053978739190       0.98065819548777045        17.574999999999999     
   1.5196825513887771       0.81747592112213840        17.600000000000001     
   1.5380777571074498       0.65411953183820182        17.625000000000000     
   1.5523877877463979       0.49067295207164296        17.649999999999999     
   1.5626110885218358       0.32718740579195704        17.675000000000001     
   1.5687470611204128       0.16368954646900805        17.699999999999999     
   1.5707955515704746       1.89632317915827686E-004   17.725000000000001     
   1.5687565427330041      -0.16331028262575506        17.750000000000000     
   1.5626300516281952      -0.32680815382933959        17.774999999999999     
   1.5524162316337031      -0.49029375158391653        17.800000000000001     
   1.5381156795187365      -0.65374046991162094        17.824999999999999     
   1.5197299470987455      -0.81709715125829308        17.850000000000001     
   1.4972622567933138      -0.98027995636969334        17.875000000000000     
   1.4707184193313894       -1.1431643344254150        17.899999999999999     
   1.4401079500644736       -1.3055771823583238        17.925000000000001     
   1.4054453776224558       -1.4672893236822515        17.949999999999999     
   1.3667517348031666       -1.6280084849180685        17.975000000000001     
   1.3240562164883640       -1.7873729999240739        18.000000000000000     
   1.2773979829486164       -1.9449465261923529        18.024999999999999     
   1.2268280791474417       -2.1002141083771320        18.050000000000001     
   1.1724114317095207       -2.2525799675847766        18.074999999999999     
   1.1142288753580643       -2.4013674236233884        18.100000000000001     
   1.0523791503115358       -2.5458213638206062        18.125000000000000     
  0.98698080201766902       -2.6851136480532389        18.149999999999999     
  0.91817390555056433       -2.8183517776147022        18.175000000000001     
  0.84612153003587243       -2.9445910494783156        18.199999999999999     
  0.77101085474442654       -3.0628502645801814        18.225000000000001     
  0.69305384916496349       -3.1721308608931991        18.250000000000000     
  0.61248743546746887       -3.2714391073832232        18.274999999999999     
  0.52957306404771032       -3.3598107384560674        18.300000000000001     
  0.44459565158639580       -3.4363371520071606        18.324999999999999     
  0.35786185593339437       -3.5001920647597031        18.350000000000001     
  0.26969769209392630       -3.5506573457472586        18.375000000000000     
  0.18044552687761917       -3.5871466604712974        18.399999999999999     
  9.04605239722441057E-002  -3.6092255760389289        18.425000000000001     
  1.06643507729653475E-004  -3.6166269122750618        18.449999999999999     
 -9.02476723313143103E-002  -3.6092603722089271        18.475000000000001     
 -0.18023397604971067       -3.5872158291571883        18.500000000000000     
 -0.26948829177907779       -3.5507600550263700        18.524999999999999     
 -0.35765543023239810       -3.5003271042068516        18.550000000000001     
 -0.44439299004429278       -3.4365029749350877        18.574999999999999     
 -0.52937491388186397       -3.3600055140152496        18.600000000000001     
 -0.61229449518895596       -3.2716607794497365        18.625000000000000     
 -0.69286676372251355       -3.1723772104950476        18.649999999999999     
 -0.77083021223956372       -3.0631189727023362        18.675000000000001     
 -0.84594785998251698       -2.9448797574048240        18.699999999999999     
 -0.91800767858711396       -2.8186581424523238        18.725000000000001     
 -0.98682243092785327       -2.6854353916655915        18.750000000000000     
  -1.0522289921737134       -2.5461563140165904        18.774999999999999     
  -1.1140872346211292       -2.4017135470302238        18.800000000000001     
  -1.1722785639859168       -2.2529353941505925        18.824999999999999     
  -1.2267041955177875       -2.1005771478636226        18.850000000000001     
  -1.2772832545854760       -1.9453156773231570        18.875000000000000     
  -1.3239507794259939       -1.7877469530509156        18.899999999999999     
  -1.3666556947030291       -1.6283861191653095        18.925000000000001     
  -1.4053588144086748       -1.4676696995480558        18.949999999999999     
  -1.4400309223274177       -1.3059595307061336        18.975000000000001     
  -1.4706509684198914       -1.1435480427118101        19.000000000000000     
  -1.4972044105358142      -0.98066455284095511        19.024999999999999     
  -1.5196817231104025      -0.81748228772239195        19.050000000000001     
  -1.5380770880651358      -0.65412590356603695        19.074999999999999     
  -1.5523872780323063      -0.49067932626087740        19.100000000000001     
  -1.5626107381763585      -0.32719378091433249        19.125000000000000     
  -1.5687468701566474      -0.16369592181608877        19.149999999999999     
  -1.5707955199907309      -1.96007681897369945E-004   19.175000000000001     
  -1.5687566705373266       0.16330390727154748        19.199999999999999     
  -1.5626303388148970       0.32680177864999882        19.225000000000001     
  -1.5524166781919115       0.49028737720246307        19.250000000000000     
  -1.5381162854129533       0.65373409772823421        19.274999999999999     
  -1.5197307122454367       0.81709078376853217        19.300000000000001     
  -1.4972631810295713       0.98027359748014908        19.324999999999999     
  -1.4707195023757615        1.1431579897640831        19.350000000000001     
  -1.4401091914701429        1.3055708595755275        19.375000000000000     
  -1.4054467767230714        1.4672830327362025        19.399999999999999     
  -1.3667532906518103        1.6280022383371975        19.425000000000001     
  -1.3240579277903490        1.7873668130361808        19.449999999999999     
  -1.2773998479890960        1.9449404173085485        19.475000000000001     
  -1.2268300957151272        2.1002080989166592        19.500000000000000     
  -1.1724135970181773        2.2525740821253364        19.524999999999999     
  -1.1142311859678475        2.4013616898608463        19.550000000000001     
  -1.0523816020526353        2.5458158124222097        19.574999999999999     
 -0.98698338991910306        2.6851083123900739        19.600000000000001     
 -0.91817662377729359        2.8183466933623174        19.625000000000000     
 -0.84612437183761557        2.9445862540794305        19.649999999999999     
 -0.77101381241963263        3.0628457965702114        19.675000000000001     
 -0.69305691404327541        3.1721267590977784        19.699999999999999     
 -0.61249059791366289        3.2714354100065548        19.725000000000001     
 -0.52957631348950063        3.3598074820890504        19.750000000000000     
 -0.44459897656764508        3.4363343705938991        19.774999999999999     
 -0.35786524419320331        3.5001897885690343        19.800000000000001     
 -0.26970113067083373        3.5506556004012420        19.824999999999999     
 -0.18044900223681909        3.5871454660841593        19.850000000000001     
 -9.04640221524147664E-002   3.6092249465171049        19.875000000000000     
 -1.10150282886689599E-004   3.6166268548215572        19.899999999999999     
  9.02441712804718105E-002   3.6092608870636238        19.925000000000001     
  0.18023049496110355        3.5872169095899546        19.949999999999999     
  0.26948484463755912        3.5507616875833259        19.975000000000001     
  0.35765203060723422        3.5003292691935983        20.000000000000000     
